0 -7.01 786.355 83.2 -8.82 567.605 82.5 -169.73 569.175 72.9 152.091 566.025 92.2 -216.44 283.785 81.4 210.566 293.165 143.6 -215.7 -41.615 64.5 228.435 -3.233 115.3 -10.59 339.255 74.9 -117.57 111.948 60.9 92.846 109.891 73.5 -47.95 -337.045 14 54.638 -344.585 101.5 -87.09 -765.185 -92.4 88.818 -779.275 -93 -131.34 -86.655 2997.3
0.017 -4.34 779.245 79.8 -7.34 561.825 80.5 -168.32 564.035 71.5 153.642 559.605 89.4 -230.8 286.885 68.8 215.947 289.615 140.1 -235.2 -36.635 31.2 239.37 -6.346 109.1 -10.13 333.425 74.3 -118.18 106.479 62.3 92.32 103.587 74 -56.4 -343.015 9.3 54.242 -351.305 94.3 -77.61 -777.435 -89.6 94.771 -784.025 -93.6 -131.27 -86.175 2997.2
0.031 -0.72 768.814 65.7 -6.79 552.744 76.6 -167.53 556.084 64.4 153.945 549.394 88.7 -232.49 278.714 59.1 223.948 281.704 142.1 -250.04 -41.776 6.4 247.34 -9.132 84.4 -11.72 324.464 78.9 -121.78 98.381 73.4 88.471 94.006 89.3 -64.41 -351.026 14.5 49.326 -360.986 106 -75.99 -771.736 -78.5 94.38 -787.596 -83.8 -130.47 -80.204 2996.1
0.042 -0.18 771.482 63 -6.27 554.402 77.7 -167.02 557.922 65.4 154.483 550.892 90 -236.54 275.642 47.2 232.89 277.492 134.7 -262.08 -41.668 -19.5 266.98 -8.687 61 -11.79 326.192 84.7 -122.43 100.277 83.6 87.787 95.678 99.6 -63.18 -346.878 11.7 51.852 -359.738 104.9 -71.94 -766.268 -73.6 97.871 -785.758 -93.1 -132.05 -78.842 2993.7
0.05 2.41 756.401 49.5 -5.05 539.791 73.5 -165.37 543.901 57 155.268 535.691 90 -241.58 269.911 32.8 239.13 248.661 116.6 -290.59 -37.239 -48.7 296.35 -28.939 24.8 -12.54 312.231 89.7 -124.91 87.36 95.2 84.831 81.9894 116.7 -78.27 -358.009 6.8 52.381 -373.709 113.5 -71.79 -781.759 -73 100.117 -802.159 -82.9 -130.33 -75.421 2991.6
0.057 6.07 742.723 35.4 -3.33 528.413 70.7 -163.32 533.023 51.3 156.664 523.803 90 -243.89 255.883 19.8 245.46 222.633 95.7 -315.99 -32.027 -92.8 333.3 -34.247 -20.9 -12.95 301.873 96.3 -127.2 78.3415 109.2 82.043 72.3104 134.5 -87.2 -362.027 -2.5 56.421 -381.927 103.2 -75.06 -782.387 -69.5 98.709 -797.977 -76.9 -128.65 -71.073 2987.9
0.074 7.31 726.929 14.7 -2.86 515.169 64.5 -162.87 519.499 45 157.154 510.849 84 -251.14 249.309 9.7 249.54 209.679 75.6 -338.86 -19.05 -135.2 359.72 -26.091 -65.1 -13.69 290.859 103.5 -129.13 69.3759 129.8 80.103 63.72 155.4 -99.74 -370.101 10.3 64.915 -389.111 104.1 -77.23 -786.251 -60.2 97.358 -797.921 -66.6 -127.64 -75.399 2984.2
0.092 4.37 713.346 6.8 -6.04 503.446 63.9 -166.13 507.686 44.9 154.064 499.206 82.8 -264.42 251.826 -14.1 262.92 203.026 53.4 -364.67 6.785 -184.2 387.56 -14.899 -101.9 -17.44 280.416 110.4 -133.54 60.172 144.5 75.837 54.625 169.3 -110.27 -373.134 3.9 67.488 -395.404 96.5 -79.71 -783.984 -61.4 90.19 -790.904 -69 -124.46 -80.376 2979.5
0.106 8.93 698.691 -8 -3.3 493.431 60.9 -163.27 498.221 41 156.662 488.651 80.9 -272.73 254.701 -35.2 274.94 196.251 32.5 -378.46 34.393 -223.2 417.34 7 -142.8 -17.15 273.461 119.2 -135.59 56.615 164.4 73.619 50.356 190.5 -119.52 -370.409 5 71.497 -397.689 104.3 -76.58 -783.779 -52.1 88.637 -780.489 -52.7 -122.74 -81.451 2975.4
0.118 13.01 699.479 -12.4 -0.01 496.679 61.7 -159.86 501.119 40.8 159.837 492.239 82.7 -284.06 266.309 -60.8 291.27 208.049 14.1 -389.72 69.878 -268.2 432.84 45.31 -179.7 -14.66 278.669 127.3 -133.84 63.557 179.2 75.229 57.746 206.5 -125.83 -358.201 5.3 78.07 -385.301 98.3 -75.96 -772.391 -52.4 90.585 -764.981 -50.6 -123.2 -94.159 2970.4
0.127 16 673.52 -36.8 2.01 479.51 54 -158.05 484.58 35 162.081 474.45 73 -297.23 262.78 -78.2 303.95 202.3 -13.4 -399.34 87.2417 -304.2 450.59 60.184 -219.2 -14.35 267.52 135.4 -135.4 58.834 204.4 73.962 52.206 229.3 -133.22 -354.02 10.6 77.524 -387.51 107.3 -78.57 -766.95 -33.5 88.075 -761.31 -41.3 -121.8 -89.28 2967.1
0.135 15.38 657.676 -49.3 1.62 469.136 50.5 -158.62 474.846 33.2 161.858 463.426 67.7 -306.54 269.936 -97.8 314.55 207.776 -29.9 -418.16 120.655 -339.9 459.9 95.0985 -257.5 -15.67 261.356 142.3 -137.75 57.304 222.9 71.837 49.832 245.4 -143.15 -339.724 0 75.048 -385.074 107.1 -83.76 -762.994 -36.9 87.648 -767.014 -45.3 -118.41 -97.216 2964.3
0.144 15.82 637.3 -65.4 3.15 456.89 45.8 -157.12 460.74 28.3 163.42 453.05 63.3 -310.44 278.72 -120 328.09 223.13 -44.4 -421.99 146.404 -371.4 470.52 122.586 -282.5 -13.07 255.06 150 -134.09 55.733 242.9 75.522 50.705 265.7 -151.78 -333.08 5.8 84.024 -381.52 118.8 -83.11 -756.76 -33.4 89.519 -756.35 -37.2 -118.07 -105.34 2963.2
0.151 20.822 617.1 -70.1 8.24 437.85 44.7 -151.36 438.03 22.3 167.845 437.67 67 -317.42 270.93 -133.7 341.33 227.51 -56.4 -424.59 163.817 -397.3 470.44 140.938 -309.7 -7.35 238.54 154.4 -127.38 39.359 249.6 81.505 39.12 278.8 -156.83 -334.94 -8.4 90.325 -388.3 118.4 -80.25 -763.25 -47.6 91.304 -761.48 -46.2 -117.44 -100.66 2958.8
0.159 23.037 604.3 -71.2 11.87 426.07 44.4 -147.12 421.73 18.7 170.851 430.42 70.2 -324.82 280.7 -151.9 357.04 237.41 -75.1 -419.44 185.84 -422.4 473.77 166.862 -337.3 -1.41 229.4 159.4 -118.67 29.893 257.6 89.312 35.578 291.3 -153.63 -337.52 -10.4 97.219 -389.96 125.4 -89.83 -755.39 -51.4 91.548 -760.56 -44.3 -117.7 -109 2954.9
0.172 26.81 597.77 -70.3 13.99 417.57 44.2 -144.61 411.84 16.1 172.595 423.3 72.3 -334.52 281.65 -162.4 370.9 246.48 -89 -411.67 199.286 -441.2 477.21 183.938 -358.8 0.38 221.73 160.9 -116.92 22.142 259.1 90.44 29.633 295.9 -165.99 -336.82 -18.1 94.902 -391.88 120 -106.92 -739.04 -64.2 83.058 -755.34 -48.3 -116.75 -110.79 2951.9
0.191 28.814 588.92 -71.7 14.67 408.89 41.3 -143.16 402.65 9.2 172.499 415.12 73.4 -340.78 303.98 -179.1 386.93 267.87 -99.9 -399.23 221.326 -457.8 467.31 207.683 -374.1 -1.54 213.75 159 -120.95 14.53 255.6 85.472 22.69 297.6 -176.26 -341.13 -25.3 90.511 -400.43 125.2 -120.4 -737.95 -74.9 75.862 -754.85 -47.7 -117.37 -126.55 2952.3
0.206 32.775 574.67 -81.3 17.05 396.77 35.4 -140.67 390.24 2.5 174.757 403.3 68.3 -348.19 310.49 -186.8 403.67 276.92 -97.7 -380.06 222.764 -464.9 457.28 214.481 -378 -0.43 204.513 157.5 -121.02 7.99 258.1 85.19 16.52 301 -175.83 -346.93 -24.2 96.191 -402.65 119.7 -120.76 -720.04 -74.5 79.16 -740.47 -45 -119.9 -127.77 2949.4
0.218 27.846 570.19 -84.2 15.29 393.85 33.8 -142.45 384.58 1.8 173.037 403.12 65.8 -355.57 321.8 -188.2 412.85 296.02 -99.1 -364.13 238.158 -467.4 446.07 234.795 -381.9 1.18 202.98 158.5 -116.09 6.05 262.2 90.228 18.17 304.1 -174.47 -341.96 -27.9 105.458 -401.64 124.4 -116.16 -714.18 -72.1 87.455 -730.51 -43.9 -117.98 -142.44 2947.5
0.236 27.635 551.13 -96.2 15.87 379.83 30.4 -142.39 369.54 1.4 174.141 390.13 59.4 -355.1 327.14 -193 419.1 299.88 -95.4 -350.95 240.343 -470.1 432.86 239.549 -381.6 3.66 194.431 163 -112.07 2.3 276.6 94.938 15.76 314.5 -177.19 -339.49 -19.3 103.297 -400.58 126.7 -120.5 -699.33 -62 85.469 -721.93 -36.4 -117.11 -147.03 2946.1
0.249 30.42 538.95 -98.9 17.487 370.71 30.3 -140.74 360.36 0.9 175.709 381.06 59.7 -356.44 329.57 -192 420.16 298.43 -92.2 -344.44 238.716 -468 416.1 237.463 -379.3 4.21 187.781 166.3 -112.52 -1.92 283.2 94.379 11.62 321.6 -186.74 -325.03 -30.1 100.487 -403.6 130.9 -126.65 -693.72 -69 78.882 -718.55 -35.7 -114.67 -146.51 2941.6
0.257 31.299 535.66 -102.1 16.603 366.98 26.1 -141.7 358.76 -3.5 174.908 375.19 55.7 -358.63 326.68 -193 423.17 301.11 -95.6 -339.68 238.062 -472.6 405.53 236.849 -380.1 0.88 183.406 161.1 -118.36 -5.54 276.8 88.689 5.21 315.5 -208.84 -262.53 -52.8 91.82 -412.51 130.3 -136.29 -690.88 -77.7 69.129 -721.62 -48 -112.43 -150.15 2941.8
0.265 30.418 523.08 -102.7 18.112 355.23 28.2 -140.38 345.54 0.1 176.603 364.93 56.3 -349.41 330.7 -189.9 424.99 307.93 -101.7 -323.4 230.332 -462.2 399.57 226.896 -378.9 4.9 173.077 165.5 -111.95 -15.42 284.3 95.339 -2.74 321.1 -206.5 -231.45 -41.2 101.29 -418.32 131.2 -128.23 -689.62 -67.2 82.168 -722.66 -39.9 -112.12 -147.94 2938.8
0.272 33.948 522.75 -104.4 24.289 356.87 28.9 -134.57 346.07 3.4 183.148 367.67 54.3 -343.6 339.14 -193.3 427.59 307.8 -105.2 -316.06 232.035 -461.5 398.19 226.085 -379.5 14.032 176.979 169.3 -100.12 -9.98 293 107.67 4.15 326.3 -204.22 -197.98 -38.5 104.008 -412.81 139.5 -125.58 -674.57 -62 87.491 -709.1 -33.4 -112.64 -155.79 2938.7
0.28 27.726 505.75 -110.7 21.295 345.98 28.6 -137.77 333.69 5.2 180.356 358.28 52.1 -343.82 334.66 -193.9 426.76 312.03 -101.3 -314.9 223.333 -457.4 393.26 217.777 -372.7 13.53 169.815 173.8 -98.25 -14.39 303.6 109.782 1.69 334.2 -215.1 -189.81 -37.9 93.841 -414.6 146.8 -135.29 -674.6 -61.1 78.761 -711.11 -32.7 -110.28 -152.01 2936.6
0.287 33.518 507.61 -117.7 23.857 349.05 24.3 -135.28 338.92 0.3 182.998 359.18 48.2 -345.95 330.87 -196.1 423.85 306.55 -98.9 -310.7 219.474 -458.2 391.86 211.183 -372.4 12.752 174.974 171.7 -102.42 -5.73 303.5 105.714 7.53 334.9 -224.2 -167.93 -45.5 87.008 -407.06 143.7 -143.29 -667.83 -69.1 69.697 -708.85 -40.4 -111.6 -150.54 2937
0.295 33.542 510.55 -122.1 24.076 353.36 20.7 -134.56 340.96 -5.4 182.715 365.77 46.7 -345.49 333.01 -202.1 423.41 313.33 -107.9 -311.32 217.856 -462.5 388.52 208.476 -375.6 13.112 180.632 169.8 -101.6 -0.21 301.9 105.899 16.01 335.9 -218.24 -170.75 -43.1 93.485 -399.83 147 -135.29 -669.7 -69.9 76.017 -708.83 -41.7 -110.3 -151.83 2938.5
0.303 28.426 515.52 -111 21.505 353.54 26.4 -137.14 340.03 0.8 180.148 367.05 52 -348.2 328.14 -201.3 420.25 307.79 -108.2 -313.89 214.376 -460.4 388.92 205.305 -373.8 13.084 177.456 171.6 -99.07 -7.46 300.2 108.396 10.21 333.6 -215.49 -184.32 -49.4 98.7106 -403.24 139.3 -131.51 -684.29 -68.3 76.443 -721.41 -45.2 -108.19 -150.54 2937
0.311 29.312 515.79 -104.1 19.214 348.43 28.4 -138.92 337.16 -0.9 177.348 359.71 57.6 -347.51 319.91 -195.1 418.69 298.34 -101.5 -317.22 203.373 -454.1 389.97 194.487 -367 6.27 168.103 167.8 -110.12 -19.6 288.1 96.758 -4.85 326.4 -230.02 -189.55 -58.2 84.988 -414.33 124 -149.03 -689.53 -78.2 60.354 -730.74 -45.5 -107.14 -139.68 2934.9
0.319 25.178 518.73 -105 16.919 350.18 26 -141.27 337.78 -2.7 175.105 362.58 54.7 -344.35 329.25 -195.8 422.76 301.96 -103.5 -318.13 208.934 -452.2 394.04 199.859 -369.9 5.87 169.308 165.1 -108.6 -19.67 285.4 98.253 -3.46 322.9 -217.97 -186.39 -50.7 93.763 -416.7 128.2 -137.48 -689.88 -66.2 71.032 -722.49 -39.9 -109.48 -144.13 2937.7
0.327 24.109 515.34 -103.3 14.73 346.71 27.3 -143.21 334.43 -2.9 172.666 359 57.5 -346.56 329.15 -195.9 415.49 297.01 -102.8 -324.58 207.767 -453.6 389.95 197.431 -369.8 2.4 165.374 165.7 -113.21 -24 284.4 93.34 -7.94 323.9 -218.91 -190.69 -51.2 88.293 -422.37 131.5 -143.67 -687.94 -69.9 67.731 -724.63 -39.5 -105.85 -141.6 2937.4
0.335 22.817 516.61 -102.6 14.638 347.94 27.7 -143.19 334.31 -2.5 172.471 361.58 57.8 -344.87 329.24 -192.7 420.65 300.17 -96.1 -332.15 218.044 -459 396.48 204.345 -365.9 4.1 165.762 165.1 -109.64 -25.34 282.9 96.774 -7.5 322.4 -213.98 -191.49 -50.7 93.338 -422.77 131.6 -138.86 -686.61 -71.5 71.864 -723.6 -42.3 -107.33 -143.46 2939.9
0.348 24.997 526.09 -94.2 17.299 352.99 29.8 -140.64 340.24 -0.3 175.241 365.73 59.8 -345.73 333.23 -194 420.03 296.69 -91.7 -337.4 221.058 -461.9 397.77 206.724 -364.6 6.73 168.258 163.8 -107.11 -24.81 278.2 99.4517 -8.14 317.4 -213.34 -190.39 -61.5 94.349 -427.2 135.4 -138.78 -684.95 -77 72.295 -723.5 -49 -106.88 -140.84 2941.6
0.358 25.204 530.98 -84.7 18.887 355.45 35.1 -138.65 341.13 3.8 176.423 369.78 66.5 -344.03 331.09 -191.9 421.36 300.85 -86.3 -331.04 222.306 -461.4 401.32 205.371 -360.3 9.978 168.038 165.4 -101.96 -28.75 275.2 104.095 -10.01 316.3 -213.05 -200.29 -69 94.493 -428.43 132.8 -135.77 -690.57 -72.7 76.172 -727.7 -46.8 -107.75 -136.9 2938.2
0.369 27.917 541.25 -87.1 19.448 363.66 30 -138.16 351.69 -2 177.056 375.63 61.9 -345.91 327.64 -192.9 426.28 309.03 -89.1 -329.74 221.67 -466.3 401.89 202.111 -361 8.195 173.863 156.6 -106.13 -23.76 262.3 100.015 -8.1 304.1 -224.51 -195.22 -76.3 84.892 -427.29 122.8 -144.37 -681.86 -79.7 68.974 -729.02 -56.4 -106.49 -133.05 2941.1
0.379 27.65 536.71 -87.8 17.717 360.59 29.8 -140.33 350 -0.4 175.76 371.18 60.1 -350.82 327.38 -200 422.27 306.09 -88.1 -327.15 218.489 -476 400.58 198.365 -360.1 5.96 171.501 157.6 -109.15 -24.51 265.5 97.5571 -10.66 305 -219.56 -206.77 -63.1 86.186 -432.54 129.8 -142.49 -689.09 -64.8 67.696 -735.42 -47.2 -105.37 -131.09 2944.1
0.388 24.363 533.81 -75.6 14.091 353.5 36.2 -144.02 344.66 5.8 172.205 362.34 66.7 -356.69 336.48 -197.5 424.85 311.83 -80.5 -331.45 220.532 -467.9 401.48 199.246 -353.4 1.41 160.709 158 -114.67 -37.86 259.9 92.124 -26.3 299.7 -220.17 -226.79 -79.7 84.955 -443.08 112.9 -146.13 -706.95 -76.1 63.758 -749.01 -54.9 -102.42 -131.33 2945.5
0.396 21.956 535.12 -81.7 13.519 355.91 33.9 -144.89 346.17 5.4 171.933 365.65 62.5 -365.02 335.25 -188.4 429.24 313.45 -72.9 -338.9 230.71 -459.4 402.75 194.375 -341.3 2.973 164.271 157.8 -111.17 -33.74 263 96.0231 -21 300.3 -206.07 -206.82 -67 88.054 -436.24 109.9 -139.05 -690.4 -68.6 67.741 -728.1 -47.6 -102.52 -123.69 2947.4
0.407 21.711 543.51 -79.1 12.563 362.4 33.6 -145.53 351.78 3.6 170.652 373.02 63.6 -371.53 335.04 -177.7 432.1 317.16 -63.9 -336.86 236.11 -448.8 398.29 193.886 -328.6 2.615 168.799 154.5 -110.71 -31.74 255.7 96.0476 -17.86 295 -203.53 -215.45 -79.4 83.089 -436.53 112.6 -143.02 -701.24 -81.8 63.248 -737.02 -58.1 -101.72 -119.27 2950.7
0.415 21.016 546.39 -72.9 11.421 365.19 37.2 -146.96 355.72 8.3 169.799 374.65 66 -372.77 347.26 -159 432.04 312.81 -56.1 -339.49 239.72 -431.1 395.78 191.796 -317.7 1.687 169.521 154.7 -111.62 -32.33 253.3 95.5239 -19.96 291.1 -202.95 -220.4 -76.5 86.157 -435.25 100.9 -145.2 -708.29 -83.7 63.526 -748.25 -59.3 -100.37 -114.37 2952
0.423 18.957 557.66 -76.6 9.854 375.16 33 -148.86 367.2 5.6 168.573 383.12 60.4 -378.11 345.82 -143.9 434.8 316.57 -44.4 -341.29 233.35 -416.3 397.92 184.965 -303 -0.19 178.239 148.4 -114.04 -23.89 245.9 93.5575 -13.47 281.8 -203.91 -217.72 -88.1 85.206 -428.53 90.8 -147.54 -705.16 -90.7 60.587 -741.87 -61.7 -100.48 -102.36 2955.9
0.435 18.83 566.866 -67.8 6.982 381.056 36.4 -151.69 375.716 8.2 165.651 386.406 64.7 -386.23 355.766 -131.3 438.21 330.166 -28 -341.7 235.976 -399.1 401.81 186.75 -278.1 -5.59 180.554 145 -121.92 -23.444 235.1 85.615 -16.454 272 -209.83 -239.464 -101.1 81.781 -434.014 86.5 -150.64 -724.184 -99.4 54.647 -762.984 -66.8 -100.07 -99.046 2958.3
0.443 15.28 571.293 -66 3.571 383.913 36.4 -155.243 378.753 8.8 162.388 389.063 63.9 -393.923 353.103 -120.5 435.797 339.283 -5.4 -342.483 236.703 -386.5 396.607 185.667 -252.4 -8.023 181.311 141.2 -123.463 -24.657 228 84.235 -17.917 264 -204.663 -246.807 -109.1 92.4357 -434.717 77.1 -145.073 -726.167 -97.7 59.76 -764.587 -67.9 -98.237 -93.233 2962.5
0.451 19.398 585.699 -50.9 9.592 393.579 43 -149.491 388.169 17 168.673 398.989 68.9 -395.551 353.279 -101.9 430.309 331.289 8.6 -336.731 221.469 -351.4 381.589 174.53 -232.8 1.058 186.539 138.6 -111.511 -24.041 217.3 96.5541 -16.963 251.2 -193.381 -251.961 -126.1 103.209 -432.841 62 -132.591 -730.641 -107.9 71.586 -766.401 -77.1 -99.069 -81.809 2962.9
0.459 18.34 603.683 -37.1 10.518 407.963 46.7 -148.84 403.673 22.3 169.88 412.253 71 -398.27 361.623 -79 435.66 341.053 21.4 -337.27 227.053 -326 372.72 176.604 -210.1 3.218 196.493 131.8 -108.3 -17.787 201 100.135 -12.179 232.8 -200.97 -257.327 -138.6 98.3994 -431.047 50.4 -139.58 -735.667 -109 62.713 -774.227 -81.6 -100.61 -83.853 2967.4
0.473 19.51 612.815 -16.3 13.492 413.435 55.6 -145.674 408.755 30.1 172.662 418.115 81.1 -397.904 345.095 -51 441.056 335.375 47.2 -332.394 214.285 -299.3 364.256 168.936 -178.5 8.179 197.495 128.4 -101.224 -21.496 184.4 106.952 -15.377 217.8 -195.874 -266.515 -151.7 101.89 -436.605 40.8 -132.674 -744.685 -115.9 68.526 -777.775 -84.1 -99.476 -74.245 2968.2
0.487 20.209 628.963 -8.3 15.956 427.753 59.5 -143.31 422.173 34.7 175.218 433.333 84.2 -397.34 339.833 -25.4 444.15 341.953 61.7 -331.04 209.973 -272.3 363.47 171.106 -154.7 13.214 209.643 126.2 -93.68 -12.117 176.8 114.619 -4.817 209.2 -196.81 -259.727 -147.6 101.683 -427.657 36.6 -130.21 -740.807 -108.7 66.634 -771.887 -80.1 -100.36 -74.403 2971
0.499 21.344 640.888 7.6 17.46 435.958 66.2 -141.67 430.808 40.5 176.594 441.108 91.9 -395.03 343.188 -2.7 436.21 341.798 71.8 -317.38 204.068 -242.2 356.85 161.043 -134.2 15.466 215.028 122.8 -90.59 -9.276 162.6 117.537 -2.547 196.2 -200.97 -268.422 -162.6 99.0238 -423.682 19.9 -132.67 -747.962 -119.7 62.53 -780.672 -86.2 -103.79 -72.998 2973.5
0.516 22.658 655.546 13.3 16.539 449.256 68 -142.53 446.126 41.7 175.613 452.386 94.3 -386.72 331.306 27.4 432.4 324.116 92.2 -322.99 191.366 -214.5 348.42 148.894 -115.8 12.565 226.736 118.5 -95.44 2.172 151.7 112.624 6.267 186.2 -205.79 -263.394 -169 94.191 -419.304 21.1 -136.64 -740.674 -118.6 58.975 -771.844 -84.6 -104.69 -69.216 2978
0.531 13.807 667.083 27.4 10.916 459.033 73.1 -148.23 456.173 47.2 170.067 461.893 99.1 -383.04 328.353 55.7 424.01 317.743 119.1 -331.42 181.153 -191.8 336.39 142.497 -92.2 8.246 234.623 114.3 -98.49 8.346 138.4 109.647 12.09 172.4 -200.73 -272.537 -182.7 95.3157 -416.127 13.8 -133.66 -745.177 -123.9 63.265 -778.787 -95.3 -103.17 -70.803 2981
0.539 12.77 671.4 42.9 9.176 460.7 77.3 -149.93 459.67 51 168.277 461.73 103.7 -375.73 314.83 74.2 404.29 311.54 130 -339.57 159.222 -166.7 336.07 117.571 -74.6 5.606 234.68 107.7 -102.01 7.981 120.9 106.086 9.327 155.3 -194.51 -280.52 -189.8 88.047 -422.48 7.4 -133.47 -752.84 -125.4 62.388 -787.88 -103.3 -103.37 -63.56 2985.6
0.546 14.61 687.882 60.9 10.711 476.552 84.5 -148.81 477.482 61 170.231 475.622 108 -363.81 317.722 96.7 394.19 302.942 143.2 -338.96 144.134 -139.8 331.67 100.719 -60.6 6.51 249.392 104 -102.03 22.831 108.2 106.646 21.615 138.9 -185.73 -276.078 -194.4 89.679 -412.468 -2.6 -127.21 -749.228 -122.2 68.319 -779.608 -103.6 -104.34 -63.022 2990.6
0.554 11.248 696.392 67 10.203 485.742 86 -149.78 486.432 66.1 170.185 485.052 106 -349.15 316.932 109.2 383.85 305.462 154.4 -332.87 120.956 -111.2 324.47 91.137 -34.9 7.394 258.002 100.6 -100.05 30.713 102.2 109.216 29.807 128.3 -166.28 -313.998 -165.3 93.075 -407.988 -1 -123.37 -753.378 -120.1 68.221 -781.058 -99 -105.98 -65.042 2996
0.561 9.474 702.776 68.4 8.673 489.596 86.8 -151.57 490.366 68.8 168.911 488.836 104.7 -342.43 306.176 115.2 362.57 294.416 155.8 -329.85 101.691 -93.8 314.18 71.0594 -17.8 6.233 261.566 98.8 -100.98 34.037 99.1 108.571 33.037 122.6 -154.12 -332.774 -153 88.144 -410.034 15.3 -122.25 -761.244 -119.8 69.045 -782.894 -100.1 -106.15 -62.716 3000.4
0.569 11.684 717.92 66.8 10.965 502.25 86.7 -149.57 502.83 71.6 171.495 501.67 101.8 -330.46 296.51 114.9 350.54 288.62 169.7 -318.59 82.398 -79.5 299.59 57.319 -6.9 9.08 274.09 97.9 -97.78 46.316 99.3 112.181 45.557 119 -143.04 -333.76 -141.6 88.624 -400.71 26.1 -108.26 -768.8 -110.1 72.615 -782.35 -102.6 -109.84 -67.78 3004.9
0.585 10.569 721.787 73.3 9.18 504.227 87.6 -151.58 504.787 75.2 169.941 503.657 100.1 -315.01 287.977 121.6 330.17 297.207 185.2 -317.32 56.795 -54.4 291.06 53.5188 16.3 7.91 275.887 93.7 -98.48 47.912 91.6 111.777 47.176 107.9 -135.3 -342.583 -137.6 81.089 -399.513 17.9 -103.17 -775.023 -118.5 72.878 -788.903 -116.9 -109.18 -62.077 3012.3
0.6 11.05 737.395 80.9 8.19 519.235 91.5 -152.75 521.315 82.1 169.13 517.155 100.9 -299.03 281.305 130.7 313.38 301.025 193.4 -313.48 43.613 -40.1 286.62 49.589 29.9 5.14 290.835 93.2 -103.16 63.7938 88.7 107.351 61.0748 101 -132.93 -337.165 -124.9 71.103 -387.265 21.9 -104.6 -765.215 -120.7 68.517 -780.695 -123.6 -111.11 -67.825 3013.7
0.608 13.61 748.124 92.2 10.29 529.224 95.1 -150.58 532.254 84.5 171.159 526.204 105.8 -283.23 279.234 127.9 299.58 300.944 195.4 -302.16 29.063 -27.8 278.92 39.56 45.6 6.34 300.944 90 -102.8 74.6458 77.8 107.573 70.6885 91.8 -123.35 -340.196 -107.9 73.62 -379.496 22.4 -97.05 -768.896 -127.8 75.762 -779.416 -127.1 -116.26 -68.674 3018.4
0.617 14.65 756.88 96.7 11.24 538.31 95.7 -149.45 541.74 82.8 171.934 534.88 108.7 -272.84 284.84 129.6 281.35 300.59 196.3 -298.67 26.139 -13.2 274.49 29.331 63.9 7.11 310.11 86.6 -102.11 84.158 69 108.062 79.6757 86 -103.43 -340.79 -93.3 74.387 -372.21 28.7 -89.32 -765.61 -127.3 83.919 -780.25 -124.3 -116.95 -71.4 3022.4
0.625 13.91 765.67 114 11.62 547.8 103.1 -149.12 550.17 90.3 172.355 545.43 115.9 -261.1 291.3 131.6 272.51 298.93 199.5 -286.25 25.236 1.2 272.88 21.233 79.5 9.7 320.24 85 -97.32 94.233 58.6 112.889 91.133 75.3 -88.28 -340.78 -73.7 74.779 -361.46 26.7 -84.43 -760.44 -132.4 88.34 -775.09 -132.1 -118.92 -74.58 3022.8
0.633 15.22 765.223 121.1 14.17 549.213 104.4 -146.68 550.963 93 175.029 547.453 115.8 -248.7 295.333 126.2 262.89 300.853 196.6 -271.72 18.158 23 270.23 15.971 95.3 13.4 322.143 80.5 -92.57 96.215 49.1 117.808 93.923 64 -78.67 -347.237 -49.9 72.86 -359.407 36.8 -85.4 -766.397 -132 86.619 -778.607 -131.1 -122.46 -75.443 3024.6
0.64 12.22 769.382 123.2 11.76 552.962 103.3 -149.21 554.322 93.6 172.728 551.612 113 -241.82 295.822 116.9 252.78 299.072 183.8 -261.3 11.442 33.6 261.74 9.345 96.2 11.47 326.162 76.3 -94.08 100.254 42.9 116.456 98.482 55.6 -77.21 -348.808 -27.7 64.444 -354.788 43.5 -91.56 -762.988 -127.7 84.025 -777.498 -129.1 -124.39 -80.792 3026.4
0.648 9.78 780.274 127.2 8.53 564.154 107.6 -152.05 566.784 93.6 169.114 561.524 121.6 -238.87 296.164 105.6 244.16 300.484 176.1 -254.04 6.508 40.5 246.27 6.556 102.9 7.27 337.434 79.4 -99.04 112.435 42.2 111.052 108.991 60.5 -78.3 -340.076 -3.1 64.323 -345.226 55 -95.81 -750.756 -125.6 82.965 -766.456 -116.5 -122.8 -90.594 3024.9
0.655 8.65 781.063 131.4 7.72 565.733 111.2 -152.76 568.773 95.8 168.205 562.703 126.5 -229.79 295.693 96.8 242.55 296.363 175.4 -248.48 2.776 47.7 239.5 0.007 111.4 6.31 339.233 81.1 -100.03 114.722 41.1 109.824 110.755 61.1 -73.83 -338.957 2.6 66.06 -343.937 54.5 -94.36 -754.987 -126.7 84.58 -765.017 -119.2 -124.99 -92.203 3023.9
0.663 9.49 784.77 134.3 7.59 568.23 113.2 -152.95 571.48 98.3 168.131 564.98 128.1 -222.26 296.65 89.6 241.05 294.51 177.7 -245.06 2.216 49.3 228.02 -1.594 112.9 5.77 341.69 83.4 -101.02 117.265 43.8 108.923 113.016 63.3 -71.59 -336.96 8.6 68.377 -342.09 58.7 -91.55 -753.19 -119.5 88.048 -762.72 -116.2 -125.38 -93.64 3021.6
0.67 8.31 787.309 134.6 6.14 570.799 114.6 -154.5 574.019 100.8 166.786 567.569 128.4 -214.7 303.339 85.9 238.83 297.269 180.9 -232.82 7.085 57.5 220.983 0.768 118.1 4.11 344.169 85.3 -102.98 119.657 47 107.123 115.436 65.1 -69.44 -334.431 10.7 65.445 -339.631 64.5 -94.35 -753.941 -119.1 84.052 -761.531 -114.5 -126.13 -94.279 3020.2
0.687 6.8 791.47 150.4 5.52 575.44 122.2 -155.08 578.38 107.7 166.113 572.51 136.7 -208.7 315.08 84.8 235.99 313.99 185.4 -224.47 18.064 59.9 219.134 17.064 123.7 4.63 349.85 86.4 -101.27 126.172 41.1 108.765 122.332 60.1 -56.15 -327.07 6.9 60.342 -332.05 60.6 -90.56 -749.19 -128 87.009 -757.12 -121.6 -128.19 -101.79 3018.3
0.698 3.73 781.28 129.8 8.58 549.05 122.7 -151.17 551.39 101.6 168.325 546.71 143.7 -212.58 308.12 80.6 230.85 308.72 177.5 -220.32 10.727 55.5 217.342 11.429 116.4 11.16 325.16 78.2 -90.1 102.78 20.1 117.587 99.7422 47.5 -44.94 -346.92 -6.9 63.685 -353.3 60.3 -80.72 -767.84 -139.7 96.919 -780.51 -126.9 -128.15 -100.98 3017.9
0.706 3.43 786.428 144.6 8.58 562.328 123.4 -151.36 563.158 103.2 168.52 561.508 143.6 -206.31 279.678 72.8 225.658 274.918 157.9 -219.43 -18.082 55.9 217.234 -25.282 116.5 12.82 338.028 80.6 -87.18 114.27 24.6 121.303 113.192 50.9 -50.75 -344.102 9.9 58.311 -343.542 65.3 -87.43 -740.132 -119.4 92.877 -751.652 -115.9 -128.67 -98.028 3021
0.713 1.72 785.767 150.3 5.75 566.517 123.1 -154.36 567.147 104 165.863 565.887 142.1 -200.81 290.177 68.9 216.445 285.537 153.3 -219.02 -7.373 50.9 218.152 -15.963 121.2 9.78 341.857 81.8 -90.72 117.612 28.1 118.331 116.787 53 -54.99 -339.433 21.2 53.946 -336.573 83 -93.09 -748.433 -121.6 86.156 -762.923 -117.7 -129.62 -97.287 3023.3
0.721 -1.02 789.974 155.3 0.7 572.334 125.5 -159.8 574.094 110.5 161.196 570.574 140.6 -205.51 297.744 76.1 216.649 301.534 161.4 -222.3 0.461 52.6 217.657 -0.266 128.9 2.01 347.434 85.3 -101.58 123.684 35.2 108.22 121.385 54.9 -60.7 -331.936 20.8 46.925 -331.416 85.7 -98.85 -744.046 -121.2 83.23 -763.886 -120.2 -129.65 -99.904 3022.8
0.731 -1.08 793.35 160.1 -0.93 576.22 128.2 -161.67 578.43 115.9 159.817 574 140.4 -214.89 299.59 83.9 217.393 308.32 163.5 -220.55 2.86 52.4 220.077 6.496 129.8 -0.97 351.26 88.1 -106.09 127.751 40 104.056 124.861 56 -59.3 -326.49 16.8 54.128 -329.11 79.5 -91.71 -745.23 -120.6 89.866 -764.49 -122.2 -131.66 -104.24 3020.3
0.739 -4.86 799.1 172.9 -6.15 583.6 133.8 -167.01 586.85 123.2 154.717 580.36 144.3 -222.63 294.59 84.9 212.407 307.46 158.3 -222.04 -2.04 51 218.963 6.286 119.5 -7.73 359.58 89 -114.48 137.684 37.3 95.846 133.437 51.1 -64.55 -315.37 3.9 51.601 -321.25 61.5 -92.15 -737.43 -122.3 87.12 -754.12 -124.4 -131.45 -104.65 3022.1
0.747 -5.74 799 166.1 -8.14 582.79 130.9 -169.09 586.58 121.8 152.818 578.99 140 -225.15 297.3 87.5 210.864 310.26 158.5 -217.69 1.17 49.9 216.246 9.032 119.4 -11.1 358.09 89.8 -119.31 135.875 42.6 91.165 130.909 54.5 -58.83 -316.06 13.5 47.659 -323.04 80.1 -90.05 -746.95 -115.5 89.616 -763.85 -117.8 -132.05 -103.26 3022.7
0.76 -5.21 800.38 176.4 -6.29 585.64 137.5 -166.89 589.46 124 154.306 581.83 151 -225.08 293.94 86.5 211.49 307.71 158.8 -213.27 -1.3 43.1 217.138 7.255 114.2 -7.91 361.45 93.5 -114.59 139.753 40.7 95.511 134.762 58.4 -49.7 -311.23 6.3 57.673 -320.16 73.4 -80.08 -740.26 -122.9 100.801 -759.37 -118.4 -133.51 -100.35 3022.8
0.777 -5.59 799.02 166.2 -6.59 582.88 132.3 -167.21 586.43 118.6 154.031 579.32 146.1 -229.45 300.77 85.9 205.455 308.44 158.9 -213.61 5.651 42.5 217.698 7.713 118 -8.12 358 92 -114.65 135.447 42.7 95.371 130.798 60.7 -54.53 -316.52 12.6 49.739 -323.55 74.1 -83.55 -751.17 -122 96.57 -769.33 -120.3 -132.36 -100.43 3024.2
0.792 -1.93 798.371 162.7 -4.4 581.501 131 -165.12 585.631 118.3 156.31 577.371 143.6 -228.42 301.651 84.7 205.523 303.101 158.6 -214.19 5.878 45.2 221.801 2.647 116.7 -7.18 356.261 92.7 -115.05 133.722 46.2 95.131 128.322 62.7 -55.9 -317.879 9.3 47.829 -326.029 73.1 -84.99 -747.899 -123.8 94.682 -766.909 -122.1 -134.58 -99.961 3024.3
0.809 -2.8 796.823 158.7 -5.5 579.293 128.6 -166.17 583.683 115.4 155.166 574.903 141.8 -232.17 305.433 86.2 208.203 305.103 160.4 -212.4 10.411 43.7 221.255 5.284 113.3 -8.6 353.883 91.3 -116.75 131.335 45.4 93.376 125.593 62.6 -56.64 -320.197 8.5 57.674 -329.787 67.8 -85.11 -749.237 -129.7 96.103 -768.197 -125.3 -134.34 -99.903 3025.6
