0 -8.79 785.829 97 -9.16 564.899 96.8 -170.09 564.859 86.6 151.776 564.939 107.1 -231.93 293.489 80.8 224.828 302.809 170.6 -241.1 -1.283 35.8 225.918 10.192 109.9 -8.4 336.669 85.9 -112.9 108.416 68.3 97.613 108.471 81.7 -73.02 -341.701 0.6 67.367 -346.971 98.3 -54.53 -763.861 -94 134.842 -812.741 -160.1 -155.82 -80.699 3008.1
0.0145 -8.57 788.239 95.7 -8.94 566.909 96.8 -170.01 566.409 89.4 152.136 567.399 104.3 -240.49 296.519 76.3 223.574 298.039 152.2 -245.43 3.619 19.9 230.742 3.42 103.6 -7.78 338.619 87.1 -111.97 109.999 72.4 98.713 110.647 82.2 -78.38 -340.271 2.3 63.978 -344.651 97.4 -51.83 -763.321 -86.2 134.158 -811.071 -165.1 -155.59 -83.049 3007.1
0.0272 -8.64 782.387 98.7 -9.57 561.047 97.3 -170.74 560.917 92.6 151.607 561.167 102 -245.24 293.497 67.9 221.285 287.927 141.6 -256.11 1.983 4.8 239.346 -5.549 89 -9.1 332.757 87.1 -114.03 104.39 73.9 96.777 104.551 80 -88.33 -345.183 -3.3 62.201 -350.913 93.2 -47.76 -768.373 -83.2 134.264 -812.013 -166 -153.82 -77.157 3006
0.0379 -8.54 776.534 98.3 -10.1 555.234 98.6 -171.27 555.794 93.3 151.068 554.664 104 -244.69 291.934 55 226.034 277.354 133.3 -268.22 2.326 -12.6 248.582 -13.917 70.9 -10.63 326.874 90.4 -116.55 98.881 78.7 94.224 98.139 85.7 -90.88 -350.746 1.3 62.928 -357.606 98.5 -49.34 -773.756 -78.5 129.074 -821.236 -153.7 -154.12 -72.934 3003.8
0.0493 -10.31 775.045 99.9 -11.72 553.965 100 -172.93 554.675 95.6 149.493 553.265 104.5 -254.92 276.695 35 228.614 272.585 125.6 -289.35 -8.54 -50.5 268.03 -11.596 45.6 -12.51 325.575 92.6 -118.72 97.645 82.2 92.11 96.722 88 -92.34 -351.085 -0.1 67.68 -359.505 95.2 -47.86 -773.495 -76.4 129.398 -821.975 -159.7 -151.48 -72.195 3001.9
0.0563 -9.33 761.619 90.2 -11.39 541.619 96.9 -172.58 542.789 91.9 149.802 540.449 102 -257.56 257.219 21.5 233.206 251.149 113.2 -309.04 -22.739 -78.4 296.68 -25.07 3.5 -13 313.179 95.3 -120.01 85.512 90.3 90.807 83.983 96.9 -97.21 -363.001 5.7 68.069 -372.311 107.3 -53.21 -780.541 -73.4 127.87 -834.791 -152.1 -150.65 -65.459 2998
0.0645 -7.74 760.99 86.7 -12.03 541.36 97.2 -172.91 543.36 87.2 148.853 539.36 107.2 -262.05 251.46 12.5 245.337 239.34 93.4 -325.37 -18.447 -108.4 331.53 -25.387 -42.3 -15.01 312.94 99.5 -123.25 85.838 95.2 87.259 83.218 108.3 -99.35 -360.14 -1 70.919 -373.35 108.6 -58.78 -775.01 -74.4 121.459 -830.43 -144.1 -148.62 -66.54 2994.7
0.0724 -7.68 756.422 86.1 -12.15 537.642 97.1 -173.06 539.662 86.9 148.753 535.622 107.4 -269.31 243.842 -0.8 250.38 235.282 76.6 -348.6 -8.184 -147.6 361.66 -15.091 -72.3 -15.26 309.212 100.9 -123.56 82.103 97.9 86.839 79.465 111.3 -106.58 -364.638 3.6 74.315 -377.288 108.8 -60.77 -780.058 -75.6 121.989 -832.308 -148.4 -147.02 -64.882 2991.4
0.0803 -2.96 746.35 63.7 -9.7 529.14 90.2 -170.61 532.67 80.2 151.206 525.6 100.2 -272.66 241.32 -11.9 257.7 229.06 63.2 -365.5 -1.42 -175.6 378.5 -6.815 -106 -15.8 301.85 107.9 -127.11 76.88 119 83.325 72.257 132.1 -114.53 -370.07 24.8 73.195 -384.35 119.9 -66.52 -783.28 -54.1 118.35 -836.87 -124 -145 -60.85 2986.8
0.0883 -5.24 730.061 40.5 -12.14 514.901 81.9 -172.82 517.571 68.7 148.539 512.231 95 -280.09 243.481 -26.1 267.08 224.171 50.5 -378.96 19.169 -211.7 395.95 1.237 -135.1 -18.42 289.191 112.8 -129.8 65.2273 135.1 80.381 61.7325 152.3 -117.82 -376.569 20.6 75.208 -393.959 123.4 -70.2 -791.769 -55.1 115.47 -843.439 -120.9 -142.37 -58.151 2983.5
0.0967 -3.33 720.209 33.7 -10.01 507.329 79.7 -170.16 509.069 61.6 150.135 505.599 97.9 -288.68 249.089 -42.9 283.4 230.769 34.9 -388 42.599 -248.3 414.64 29.911 -177.7 -16.74 282.489 117.6 -128.24 58.7818 143.6 81.296 56.5076 167.3 -116.35 -378.251 12.4 80.296 -397.061 117.2 -70.71 -787.221 -62.2 116.14 -841.021 -122.6 -140.66 -63.339 2979.6
0.1048 -2.23 708.912 18.4 -9.58 501.402 76.1 -169.56 502.522 56.1 150.404 500.282 96 -300.28 260.452 -56.7 295.76 245.712 28.3 -395.64 64.347 -274.1 426.93 58.9413 -207.1 -17.26 278.862 125.2 -129.53 57.051 161.2 79.65 55.586 187.3 -120.94 -377.338 20.7 80.801 -396.298 122.9 -78.38 -779.308 -53.5 111.082 -831.108 -111.6 -135.96 -68.532 2975
0.1127 -1.89 695.458 10.1 -8.44 489.698 72.4 -168.57 490.598 53.5 151.698 488.808 91.3 -306.18 260.208 -72.7 313.34 248.858 9.3 -405.49 80.121 -305.7 429.75 77.3485 -244.4 -16.19 268.428 127.6 -128.66 47.746 170.5 80.749 46.58 195.2 -122.3 -380.992 13.8 79.842 -403.412 118 -86.41 -785.702 -66.6 111.615 -834.772 -119.1 -134.92 -67.758 2973.4
0.1207 5.32 681.652 -16.9 -3.79 484.232 63.7 -163.94 485.482 44.8 156.358 482.972 82.7 -308.42 269.952 -85.5 317.84 251.782 -7.1 -416.27 103.703 -329.7 434.75 102.557 -269.7 -13.95 268.352 135.4 -128.84 53.305 194.7 80.6 51.661 219.5 -135.25 -371.108 26.8 80.049 -397.758 137.7 -86.9 -777.158 -49.6 107.526 -820.798 -101.2 -134.63 -72.222 2971.4
0.1285 6.64 669.328 -41.4 -3.77 480.518 56.3 -163.95 481.288 37.5 156.409 479.758 75.1 -313.63 286.888 -98.1 324 261.318 -19.8 -421.81 125.074 -346.9 437.13 128.453 -289.2 -15.01 270.768 143.6 -130.99 61.506 218.7 78.497 60.507 243.2 -142.89 -353.202 29.2 75.858 -385.682 146.1 -96.34 -766.822 -52.1 108.399 -812.252 -102.6 -132.4 -80.518 2970
0.1365 8.23 659.979 -40.9 -2.27 471.249 57.2 -162.43 471.109 38.3 157.896 471.389 76.1 -320.61 290.759 -111 334.21 270.469 -31.4 -419.14 142.453 -366.3 441.85 148.262 -309.6 -12.77 262.249 147.7 -128.02 53.165 225.8 81.457 53.35 250.5 -142.68 -347.411 9.3 82.611 -388.651 136.4 -94.04 -775.961 -64.3 112.799 -821.311 -120.7 -131.41 -85.069 2967.5
0.1443 6.57 645.356 -51.8 -2.98 458.106 51.1 -163.24 457.726 33 157.271 458.486 69.3 -330.62 289.656 -134.2 353.28 279.546 -49.8 -419.46 158.847 -392.5 434.41 164.209 -335.2 -13.49 251.956 148.3 -128.8 45.561 233.6 80.795 46.061 257.3 -149 -350.384 8 86.371 -391.084 126.2 -100.57 -767.104 -56.9 106.972 -817.554 -117.8 -128.87 -87.326 2967.9
0.1522 7.74 632.084 -56.7 -1.38 447.994 49.7 -161.49 446.194 30.4 158.718 449.794 69 -335.26 292.734 -143.6 362.69 288.644 -66.4 -413.43 177.557 -404.3 426.92 180.872 -355.1 -11.48 244.394 152.4 -126.29 39.625 242.5 83.118 41.978 267.7 -153.94 -347.676 2.9 84.23 -398.486 147.6 -101.73 -762.406 -57.6 107.79 -812.416 -117 -127.52 -93.544 2966
0.1604 9.58 623.162 -59.1 4.79 438.612 47.8 -154.84 431.592 26.6 164.416 445.642 69 -342.83 298.872 -151.9 376.64 292.312 -82.2 -408.21 187.455 -416.9 422.85 190.506 -369.5 -0.32 236.172 153.3 -109.87 29.135 244.8 99.022 38.326 272.6 -143.39 -349.878 -7.2 104.67 -396.768 134.9 -91.09 -761.838 -63.5 118.258 -803.458 -115.4 -128.59 -94.242 2964.6
0.1685 9.64 611.16 -68.7 6.25 430.53 44 -153.01 421.02 20.9 165.51 440.04 67 -356.96 310.93 -154.9 385.27 299.59 -93.5 -400.3 197.578 -426.4 413.25 202.98 -377.3 1.93 231.54 155.8 -106.53 26.339 252.5 101.741 38.772 282.7 -157.35 -347.59 -4 96.857 -395.12 140.6 -108.6 -748.03 -67.4 108.317 -798.02 -109.1 -125.31 -100.58 2964.2
0.1765 11.08 596.279 -73.6 6.24 418.549 41.2 -153.05 408.569 18.2 165.527 428.539 64.1 -362.21 308.629 -161.4 390.9 308.969 -108.2 -393.27 204.089 -437.6 406.1 203.809 -383.3 1.84 221.909 157.2 -106.7 18.734 258.2 101.581 31.785 288.2 -168.58 -343.151 -12.5 95.996 -399.841 138.9 -116.52 -750.251 -69.8 101.172 -799.291 -111.5 -121.93 -99.459 2963.6
0.1945 7.17 597.68 -75 4.09 420 41.2 -155.31 410.05 18.8 163.488 429.96 63.5 -362.81 331.98 -163.2 394.74 320.66 -116.6 -378.54 217.69 -433.2 400.81 218.23 -391.4 -0.23 224.44 159.1 -108.78 22.355 262.5 99.676 35.379 291.7 -177.18 -331.92 -17 89.829 -395.8 141 -121.95 -743.03 -70.5 95.518 -789.39 -111.5 -120.25 -109.4 2959.3
0.2096 8.04 584.12 -75.7 6.36 407 42.3 -152.4 393.24 17.9 165.118 420.76 66.7 -360.01 326.84 -169.7 402.26 320.63 -120.8 -360.78 210.87 -434.1 388.07 208.91 -390.7 4.36 213.79 164.1 -101.49 11.578 270 106.219 29.579 301.9 -172.3 -337.82 -15.4 94.544 -401.9 151.9 -118.87 -743.43 -66.9 102.536 -789.12 -99.8 -121.07 -101.51 2955.7
0.2262 4.73 580.55 -85.1 4.88 405.68 36.7 -153.57 389.71 11.4 163.322 421.64 61.9 -363.9 337.19 -175.4 397.23 337.58 -126.4 -355.64 217.92 -436.8 375.47 210.45 -386 4.02 215.15 162.7 -100.45 14.191 272.2 106.76 35.068 305.1 -179.59 -329.66 -17.8 90.459 -395.93 154.1 -127.58 -732.91 -72.1 99.572 -786.88 -106.8 -117.17 -107.52 2955.9
0.2439 7.13 573.98 -80.8 7.2 399.2 39.5 -151.35 383.58 14.5 165.753 414.81 64.4 -357.94 348.53 -179.7 398.12 351.71 -125.3 -339.52 222.82 -434.8 370.67 217.64 -380.8 6.28 208.18 164.8 -98.3 6.95 273.8 109.031 27.37 306.5 -183.22 -330.6 -22 91.482 -399.46 144.5 -132.47 -737.23 -74.1 98.421 -794.63 -111.8 -117.09 -117.68 2955.5
0.259 13.83 565.25 -76.9 10.85 389.23 41 -147.83 376.74 15.2 169.527 401.73 66.8 -348.12 356.3 -170.6 398.91 357.89 -123.4 -326 225.15 -425.7 365.17 218.464 -376.9 6.02 196.827 164.1 -102.59 -3.75 270.3 104.968 12.59 304 -188.09 -336.7 -30.6 88.615 -409.62 130.4 -140.58 -729.28 -78.4 90.507 -790.33 -115.1 -120.4 -120.37 2954.5
0.27 11.7 559.49 -73.2 8.49 381.35 41.9 -150.28 369.7 16.2 167.273 393 67.6 -344.61 361.76 -172.4 394.9 358.55 -127.2 -319.46 225.43 -424.8 350.45 212.926 -378.6 3.22 187.402 162.5 -105.87 -14.16 266.4 101.773 1.07 300 -186.39 -353.9 -28.2 101.531 -414.03 110.5 -134.58 -723.68 -80.1 70.354 -813.56 -71.4 -118.65 -120.79 2955.3
0.2814 9.93 562.95 -74.6 7.53 385.27 40.3 -151.26 372.35 15.3 166.33 398.19 65.3 -344.33 363.54 -172.4 388.43 358.94 -125.9 -317.08 222.9 -421.5 341.15 204.474 -374.8 4.26 191.493 161.3 -102.86 -10.73 266 104.826 6.17 298.7 -180.43 -350.75 -29.2 107.906 -406.45 103.1 -131.17 -710.6 -78 64.34 -813.61 -54.8 -115.31 -119.56 2955.9
0.2891 11.49 566.79 -75.8 9.55 389.6 39.5 -148.91 375.1 13.3 168.007 404.1 65.7 -344.02 359.36 -174 384.85 356.06 -123.2 -312.36 224.93 -423.8 339.32 205.095 -375.4 7.09 196.274 161.3 -99 -6.53 265.9 108.25 12.43 300.2 -183.89 -347.04 -26.7 93.781 -410.49 131.4 -133.74 -710.65 -78.2 78.061 -791.92 -82 -116.3 -120.87 2955.7
0.2971 13.8 566.58 -74.7 10.47 389.09 41 -147.58 374.64 12.5 168.517 403.55 69.6 -345.96 362.12 -171 383.48 360.97 -118.6 -314.59 228.02 -424.2 335.88 208.857 -374.3 6.24 195.552 162.4 -101.36 -7.45 265.2 105.365 11.47 302.5 -189.46 -346.93 -27.8 87.251 -412.88 135.7 -137.01 -713.75 -73.1 77.088 -784.97 -94.7 -114.7 -123.88 2955.9
0.305 18.458 560.45 -77.4 13.93 383.09 39.8 -144.39 370.29 12 172.249 395.9 67.7 -343.92 356.26 -170.9 389.8 357.69 -120.7 -316.82 222.85 -423.6 343.17 206.623 -375.1 8.1 189.888 161.7 -101.25 -11.69 265.4 105.808 5.05 301.8 -184.68 -353.13 -26.7 88.811 -419.38 134.1 -137.68 -713.71 -76.5 84.478 -781.46 -102.2 -115.9 -118.64 2958.3
0.3127 15.16 563.42 -78.2 12.76 385.04 39.4 -145.66 371.32 12.5 171.172 398.75 66.3 -342.43 352.98 -163.2 394.43 350.7 -116.1 -317.97 218.34 -420.4 351.79 204.276 -374.2 8.78 191.795 161.3 -98.79 -10.42 265.6 108.395 7.52 300.7 -182.54 -352.09 -26.2 90.214 -415.82 130 -135.38 -716.76 -80.5 91.145 -773.37 -107.2 -115.99 -113.67 2957.9
0.3203 13.11 568.83 -79.1 10.64 389.53 38.4 -147.8 375.77 11.6 169.094 403.29 65.1 -343.75 360.21 -164.4 398.18 351.57 -116.4 -320.14 219.78 -419.3 352.17 205.619 -371.6 6.95 196.01 159.9 -100.35 -6.51 263.9 106.874 11.49 298.8 -184.09 -350.14 -25.6 84.096 -415.66 138.6 -138.94 -718.26 -83.8 90.8 -775.59 -111.7 -114.97 -114.55 2958.3
0.3286 14.64 575.61 -80.7 13.17 396.65 37.6 -145.11 381.79 10.5 171.461 411.52 64.7 -342.94 360.31 -166.2 398.52 357.5 -114.6 -319.97 220.73 -418.3 352.9 207.912 -369.1 10.44 203.412 159.6 -95.81 0.45 263.8 111.215 19.892 299.2 -179.11 -346.45 -21.8 93.137 -408.87 142.5 -132.66 -714.92 -82.5 96.983 -770.67 -112.4 -115.92 -116.48 2960.1
0.3361 15.862 572.75 -77.1 13.49 394.42 39.7 -144.61 379.47 11.6 171.602 409.37 67.8 -344.62 360.46 -165.6 396.11 360.56 -113.4 -320.63 220.56 -421.5 351.74 208.339 -367.3 10.21 200.895 161.2 -96.47 -2.41 264.3 110.322 17.149 301.1 -183.48 -348.63 -21 93.112 -410.79 141.7 -137.82 -724.6 -85.1 90.37 -779.57 -108 -114.81 -116.55 2960.6
0.344 18.506 579.63 -68.2 15.99 398.76 43.5 -142.2 384.75 15.4 174.175 412.78 71.6 -340.86 361.29 -163.2 397.5 361.34 -110.6 -317.89 225.35 -423.1 360.49 212.227 -368 12.46 202.809 160.9 -94.52 -2.31 260 112.369 16.02 296.8 -180.05 -344.88 -30.2 92.109 -409.06 130.4 -133.29 -720.46 -86.7 91.524 -776.73 -113.3 -117.36 -121.83 2960.7
0.352 17.517 574.38 -63.7 14.111 391.63 45.8 -144.16 378.5 17.7 172.382 404.76 73.9 -343.61 347.21 -167.5 394.07 349.23 -108.6 -322.31 212.69 -424.5 358.47 200.494 -363.9 9.92 194.608 161.4 -97.77 -11 258.7 109.233 6.17 295.4 -183.36 -357.28 -27 90.096 -418.46 127.6 -137.4 -725.42 -83.9 88.063 -779.1 -106.2 -112.5 -108.98 2960.2
0.3698 16.216 577.19 -74.6 12.431 396.65 40.9 -146 383.72 13.7 170.865 409.58 68.2 -344.03 347.58 -163.7 394.31 347.6 -107.3 -323.69 215.4 -424.5 362.33 204.667 -365.9 7.82 201.792 160.1 -100.39 -1.52 261.5 106.826 15.387 297.1 -188.71 -349.98 -20.7 88.91 -412.69 138.4 -142.38 -721.82 -80.9 85.013 -772.34 -104.1 -112.01 -109.97 2962.1
0.3848 16.971 573.45 -79.2 14.003 396.35 39 -144.4 382.37 12.1 172.401 410.33 66 -343.98 356.19 -161.6 398.18 351.71 -109.9 -326.72 220.78 -423.1 361.44 207.798 -365.9 10.47 202.728 160.3 -96.65 -0.03 263.9 110.517 18.248 299.2 -183.4 -343.15 -25.1 95.036 -409.18 138.3 -135.89 -730.19 -83.4 89.65 -776.44 -103.4 -112.54 -113.39 2963.8
0.396 15.834 577.71 -70.1 11.52 396.32 41.2 -146.88 384.38 13.4 169.915 408.27 69.1 -350.38 348.26 -157.1 396.19 339.54 -106.7 -329.75 218.34 -420 361.49 195.675 -363.4 5.95 199.688 157.3 -103.2 -4.76 255.2 103.983 10.866 291.6 -194.4 -342.08 -39.2 80.749 -414.43 126.2 -146.33 -735.16 -94.9 80.484 -784.12 -119 -111.88 -103.37 2963.2
0.4041 17.484 586.58 -66.7 12.25 402.86 42.5 -146.69 392.93 17.3 171.204 412.8 67.7 -351.29 348.33 -156.5 396.49 343.94 -109.8 -323.81 227 -422.2 361.19 196.792 -362.1 6.49 205.126 156.8 -103.24 0.89 254.6 104.678 13.888 287.6 -186.19 -346.2 -30.4 87.078 -415.13 131.6 -140.82 -735.4 -86.5 87.823 -786.67 -116.5 -112.86 -105.37 2964.5
0.4122 17.769 585.08 -63.9 11.41 400.54 42.5 -147.83 392.1 18.6 170.659 408.98 66.4 -352.74 350.81 -155.6 397.65 339.1 -109.2 -322.41 229.76 -422 363.35 195.95 -363.5 5.08 201.704 154.8 -105.39 -2.65 251.6 102.876 8.385 282.8 -190.15 -350.1 -32.7 85.061 -420.81 127.1 -141.61 -742.88 -89.9 86.716 -792.17 -117.9 -112.35 -104.32 2967.1
0.4298 16.862 586.59 -74.3 10.59 404.69 39.8 -148.73 396.16 16.3 169.914 413.21 63.3 -353.52 345.56 -152.9 396.68 337.22 -106.3 -322.23 232.01 -420.9 366.41 198.113 -363.5 3.84 208.6 156.8 -107.08 6.931 258.5 101.274 18.079 289.2 -186.87 -339.61 -28.5 84.134 -412.1 135.9 -142.48 -729.95 -81.9 86.574 -777.51 -110.1 -112.02 -104.32 2965.7
0.4404 10.87 589.72 -81.7 7.35 408.78 36 -151.75 397.97 12.1 166.455 419.59 60 -354.85 348.02 -153.8 393.75 331.35 -109 -320.76 233.13 -421 363.59 196.786 -366.5 2.86 213.2 154 -105.68 10.548 256.4 102.417 24.686 287.7 -184.39 -332.35 -35.2 98.099 -396.72 112.9 -139.64 -736.49 -89.1 71.25 -788.1 -73 -110.93 -104.4 2967.2
0.4496 12.559 592.75 -75 7.47 409.46 37.6 -151.71 400.38 13.4 166.657 418.55 61.8 -357.11 341.35 -154.8 392.68 330.52 -105.9 -320.9 230.47 -423.8 357.53 195.577 -360.8 1.44 211.66 151.7 -108.69 7.921 250.1 99.505 19.805 281.7 -189.8 -333.97 -42.1 93.796 -402.13 107.1 -143.61 -744.45 -91.7 70.079 -798.5 -99.2 -110.78 -103.54 2968.5
0.4574 13.276 592.7 -70.5 8.02 408.42 38.8 -151.49 400.67 16.4 167.52 416.18 61.2 -363.14 337.95 -154.2 393.75 334.01 -95.7 -324.62 231.47 -421 356.59 197.809 -349.7 1.95 209.33 150.7 -108.42 5.172 248 100.198 15.315 277.3 -182.37 -338.29 -44.2 90.98 -410.41 112.2 -139.2 -742.32 -86.2 79.506 -796.96 -109.8 -111.32 -104.03 2970
0.4653 12.616 589.654 -68.8 7.04 405.034 39.5 -152.48 397.754 16.9 166.555 412.314 62.1 -370.93 323.914 -148.5 395.02 321.944 -85.2 -322.98 219.324 -411.3 355.06 188.619 -338.8 0.61 204.814 149.4 -110.12 -0.168 244.5 98.498 9.353 274.1 -181.67 -344.836 -46.9 88.522 -418.606 114.5 -138.99 -739.356 -88.2 80.657 -795.446 -118.7 -109.3 -91.954 2971.9
0.4734 13.269 591.193 -69.8 6.89 406.703 38 -152.82 400.623 16.5 166.602 412.783 59.5 -375.12 324.543 -133.9 401.36 330.043 -81.3 -319.12 219.113 -391.6 357.01 190.016 -325.5 0.01 205.423 145.9 -111.32 0.165 239.8 97.57 8.12 267.9 -184.21 -347.657 -47.5 86.119 -423.657 119.3 -137.7 -746.737 -90.1 79.881 -800.037 -126.3 -109.51 -92.553 2975.6
0.4811 11.63 597.213 -62.2 6.72 409.983 40.2 -153.19 403.783 20.2 166.617 416.183 60.2 -381.14 316.463 -118 406.1 323.673 -64.2 -317.97 195.173 -368.7 351.67 177.545 -305.2 1.88 205.573 142 -107.52 -2.882 230.7 101.616 5.228 256.9 -171.07 -349.377 -60.3 89.721 -424.627 102.5 -130.08 -750.007 -97.4 86.325 -800.227 -135.8 -108.7 -80.453 2977.9
0.489 9.925 613.301 -47 6.04 420.711 45.5 -153.98 415.021 26.3 166.059 426.401 64.8 -384.1 314.721 -89.7 409.52 325.291 -42.3 -310.57 184.141 -337.2 348.16 173.612 -278.6 2.41 211.861 137.4 -105.86 -0.721 216.7 103.427 6.726 241.9 -168.02 -348.779 -72.8 84.583 -425.009 93.6 -130.31 -752.119 -106.2 85.424 -808.999 -144.5 -108.35 -77.701 2979.1
0.4969 9.755 619.525 -30 6.37 422.095 50.2 -153.52 416.455 29.8 166.258 427.735 70.5 -388.42 302.255 -58.6 403.38 315.095 -18.9 -309.11 165.513 -304.7 340.31 160.193 -253.2 3.83 208.375 129.4 -103.28 -9.042 195.4 105.842 -1.665 222 -163.17 -366.125 -83.1 82.482 -435.635 81.1 -125.87 -765.975 -114.1 84.748 -822.175 -148.8 -108.76 -69.275 2982.3
0.5045 10.075 636.839 -25.1 6.27 436.989 49.4 -153.61 431.869 28.8 166.149 442.099 70 -377.74 296.979 -23.7 407.66 316.409 10.7 -299.38 149.275 -261 334.87 149.737 -211.9 3.9 220.569 121.5 -103.02 0.802 180.1 106.083 7.487 207 -155.34 -370.701 -79.5 87.51 -424.431 59.2 -125.92 -757.081 -108.4 67.035 -831.021 -103.8 -109.35 -66.999 2988
0.5125 8.51 649.723 -10.6 5.84 447.183 53.5 -153.83 441.813 31.5 165.514 452.553 75.6 -373.89 300.603 0.4 403.31 316.903 45 -297.35 125.916 -221.8 327.81 144.991 -180.1 4.91 227.323 113.9 -100.45 3.959 159.8 108.394 10.984 188.6 -148.48 -375.457 -89.3 87.641 -428.837 70.2 -119.55 -768.937 -116.2 77.673 -832.227 -139.6 -109.6 -67.653 2991.3
0.5207 8.22 660.472 -6.2 5.29 455.732 53.4 -154.04 450.412 29.2 164.633 461.052 77.7 -375.32 296.762 26 393.77 305.982 82.9 -300.96 102.429 -181.1 315.52 130.307 -137.2 4.56 233.922 106.8 -100.37 8.641 144.4 108.04 15.601 176.1 -145.8 -383.048 -84.9 81.268 -428.518 75.9 -119.62 -770.738 -115.7 79.199 -825.068 -150.9 -108.87 -61.322 2995.8
0.5286 11.69 684.137 8 8.58 476.507 58.1 -150.66 473.017 32.9 167.822 479.997 83.3 -372.94 299.757 48.8 388.59 313.407 102.8 -296.93 82.911 -141.7 310.65 117.156 -102.8 6.57 252.617 101.8 -99.58 26.454 128.9 108.697 31.02 161.9 -140.71 -376.713 -80.1 74.87 -415.603 74.7 -115.03 -759.923 -116.7 84.46 -818.903 -163.5 -112.13 -65.557 2998.6
0.5455 9.71 691.12 -2.6 7.46 481.48 50.1 -151.98 478.34 26.1 166.896 484.61 74.2 -354.54 291.6 66 369.23 303.42 114.5 -289.74 54.2924 -101.5 297.24 85.29 -64.8 5.27 257.4 93.9 -101.17 31.266 121.9 107.35 35.366 153.3 -138.73 -378.36 -75.6 70.953 -413.41 77.9 -103.83 -767.67 -105.4 87.227 -824.9 -160 -112 -60 3005.7
0.5593 7.94 697.915 14.8 7.11 484.195 55.9 -152.4 481.985 32.2 166.61 486.405 79.6 -337.28 288.505 84.3 354.9 287.825 124.1 -273.26 39.272 -66.6 281.95 56.6499 -34.2 5.49 258.335 87.8 -100.43 31.027 104.2 108.175 33.919 135.2 -125.4 -384.935 -81.7 70.313 -415.075 60.2 -106.94 -776.755 -124.3 89.542 -836.355 -176.6 -113.3 -52.125 3010.5
0.574 7.58 710.924 21.1 6.72 495.534 56.7 -152.77 494.304 32.8 166.209 496.754 80.6 -318.05 291.214 104.4 329.61 279.074 148.5 -257.78 35.463 -38.5 271 36.939 -7.2 4.57 268.784 82.6 -101.88 41.237 93 106.717 42.841 124.2 -122.67 -384.576 -68.6 66.277 -407.256 57.4 -104.96 -776.916 -121.2 88.213 -833.406 -175.9 -113.81 -56.224 3015.3
0.5842 5.33 728.681 24.6 2.31 512.551 57.5 -157.98 513.191 41.7 162.6 511.901 73.3 -304.4 296.671 121.8 312.68 290.821 172.4 -246.06 35.022 -11.8 267.17 42.376 17.8 -0.78 285.301 79.6 -108.84 58.4704 91.4 101.083 57.6242 112.1 -127.43 -374.079 -51.9 58.481 -393.949 58.4 -106.06 -766.169 -111.1 85.36 -824.219 -184.2 -113.87 -61.651 3018.4
0.602 2.01 745.37 38.4 -1.68 528.06 62.5 -162.46 529.35 54.3 159.101 526.78 70.8 -287.13 297.64 135.7 289.36 318.68 196.3 -238.44 32.19 5.2 267.77 56.725 60.7 -4.18 300.2 75.8 -111.87 73.1767 83.7 98.504 71.4969 94.5 -123.07 -363.28 -49.1 72.052 -377.39 18.4 -98.16 -762.92 -116.3 68.868 -809.55 -133 -115.24 -67.88 3020.4
0.6158 -0.14 755.518 46 -4.37 537.438 66.2 -165.39 539.228 60.8 156.644 535.638 71.5 -271.79 298.158 145.8 273.07 323.418 204.8 -241.7 22.214 35.7 267.13 51.825 86.2 -7.21 309.268 75.1 -115.27 82.2832 80.4 95.175 79.9383 87.4 -114.63 -359.302 -33.9 66.354 -372.322 40.4 -102.92 -761.052 -116.2 76.381 -814.312 -151.5 -116.78 -72.538 3021.2
0.6279 3.24 759.843 52.2 -1.08 541.143 68.7 -162.19 543.263 63.7 160.025 539.033 73.7 -263.83 295.683 152.4 262.65 315.613 212 -235.65 14.591 53.8 248.9 39.953 100.8 -4.23 312.813 73.4 -112.69 85.873 74.9 97.915 83.102 81.4 -105.77 -358.727 -28 67.223 -370.877 51.3 -93.38 -764.377 -117.1 89.697 -817.137 -168.2 -118.83 -72.743 3020.7
0.6387 0.21 762.54 54.1 -3.23 545.01 71 -164.42 546.81 67.3 157.952 543.21 74.7 -258.48 302.43 157.3 249.77 319.15 212.7 -230.53 17.021 70.8 240.76 38.114 113.9 -5.85 316.59 73.9 -113.84 89.344 74.5 96.921 86.994 79.3 -105.59 -358.31 -14.6 59.126 -367.33 70.6 -90.18 -764.54 -106.7 90.411 -818.28 -171.9 -120.97 -76.84 3020.1
0.655 -2.03 763.927 54.5 -5.28 546.857 72.7 -166.47 548.607 68.3 155.906 545.107 77.2 -250.49 291.317 153.4 241.81 309.437 213.9 -230.51 -0.185 90.8 236.53 26.028 120.3 -7.82 318.387 74.7 -115.75 91.0697 73.7 95.04 88.7788 79.5 -96.52 -357.983 -6.5 55.884 -366.003 74.5 -88.36 -759.803 -103.7 94.888 -816.333 -174.9 -121.03 -81.187 3019.4
0.6696 0.57 772.682 69.7 -3.79 554.342 80.7 -164.91 557.152 74.6 157.337 551.542 86.8 -240.29 285.262 135.9 241.31 299.882 213.5 -232.85 -10.582 100 230.63 13.363 130.1 -7.61 325.982 76.7 -116.79 99.459 68.8 93.938 95.794 76.7 -99.56 -350.258 -9.4 56.758 -359.428 77 -87.72 -749.608 -106.7 97.322 -806.778 -181.1 -122.4 -81.912 3019
0.6851 -2.37 783.166 94.9 -4.3 564.116 94.7 -165.36 566.446 86.8 156.75 561.776 102.5 -230.55 293.836 121.6 238.05 302.806 209.2 -229.88 -4.213 105.9 227.27 12.03 143.3 -6.94 336.276 81 -114.89 109.956 62.2 95.752 106.905 72.4 -98.39 -341.584 -4.8 58.182 -347.994 86.9 -81.09 -746.694 -107.3 102.387 -802.454 -182.8 -123.18 -86.786 3016.2
0.6994 -0.51 784.294 104.8 -1.96 565.634 100.4 -162.99 567.664 91.8 159.071 563.604 109.1 -222.64 295.534 114.7 236.19 299.564 204.8 -224.65 -3.581 102.2 222.199 7.941 141.5 -3.9 337.934 83.1 -111.14 111.556 60.2 99.454 108.902 71.4 -97.78 -341.736 5.9 59.926 -345.476 95.9 -79.82 -750.196 -100 103.915 -805.426 -175.5 -126.6 -86.464 3014.1
0.712 -1.95 784.803 96.9 -3.18 567.303 97.5 -164.19 568.903 88.3 157.825 565.713 106.7 -222.44 297.393 110.2 227.11 306.173 194.4 -222.73 -2.15 96.4 218.788 13.092 136.6 -4.69 339.293 84.2 -111.48 112.314 64.9 99.094 110.225 76.9 -99.38 -341.457 13.2 55.94 -344.047 99.8 -77.62 -756.067 -88.8 104.743 -807.317 -165.7 -127 -91.003 3013.3
0.7234 -2.56 781.918 94 -3.21 563.798 96.7 -164.2 565.168 87 157.776 562.418 106.3 -222.28 290.178 109.1 219.564 303.408 184.2 -221 -9.219 89.3 217.482 8.394 137.3 -4.44 335.648 84.6 -110.94 108.402 66.3 99.613 106.608 78.9 -93.42 -343.542 2.5 55.241 -347.692 100.3 -77.89 -754.552 -93.2 103.277 -807.672 -169.9 -127.41 -89.468 3011.9
