0 -2.94 771.129 104.1 -9.01 553.399 101.1 -169.69 557.639 87.9 151.663 549.149 114.4 -230.86 282.159 83.6 213.474 295.889 176.5 -226.95 -15.681 50.6 234.281 -10.451 149 -13.91 325.349 87.4 -123.88 100.08 65.1 86.266 94.5278 82.4 -44.83 -345.321 0.6 62.798 -361.771 75.8 -72.68 -753.821 -131.1 89.63 -762.291 -116.6 -140.51 -99.379 3027.5
0.0149 -3.38 774.179 115.8 -8.99 556.189 106.5 -169.62 560.679 92.7 151.637 551.709 120.2 -231.09 272.879 74.8 213.517 287.239 172.1 -234.97 -24.101 35.3 238.651 -17.221 131.3 -13.76 328.529 87.9 -123.58 103.8 60.4 86.507 97.9327 78.4 -38.16 -340.891 -0.9 69.866 -358.571 67.7 -69.36 -744.271 -139.7 90.258 -756.191 -116.4 -139.15 -93.699 3026.8
0.0267 -1.39 773.004 111.6 -8.23 555.364 105.2 -168.72 560.364 90.1 152.267 550.364 120.3 -229.97 283.374 70.2 213.057 286.594 165.8 -246.3 -8.956 10.6 252.1 -13.446 109.5 -13.78 327.544 88.7 -124.3 102.989 62.4 85.617 96.4452 82.1 -38.73 -342.466 7.1 67.379 -360.096 79.7 -72.16 -757.296 -129 89.504 -762.266 -106 -139.44 -94.454 3025
0.037 -0.8 764.489 96.7 -8.37 546.149 100 -168.54 551.229 82 151.81 541.059 117.9 -237.13 278.189 58.7 219.18 278.669 160.4 -257.03 -9.401 -19.5 272.1 -14.161 84 -14.72 318.029 92.1 -125.84 93.235 72.5 83.681 86.5849 95.9 -39.47 -351.501 12.7 66.181 -369.691 81.7 -75.89 -763.891 -122.1 87.636 -770.151 -93.2 -138.53 -90.949 3021.9
0.0441 -2.82 762.807 92 -10.77 544.267 99.9 -170.84 549.367 80.9 149.294 539.177 118.8 -243.38 260.327 47.2 229.77 256.547 143 -285.55 -17.613 -57.3 306.53 -23.283 39.1 -17.65 316.007 96.5 -129.19 91.0838 80.8 80.141 84.4168 105.6 -41.89 -352.433 13.9 68.336 -370.793 73 -79.15 -759.963 -123.6 84.144 -764.633 -93.1 -135.46 -90.197 3017.1
0.0516 -0.58 750.457 80.6 -10.03 533.767 97.4 -170.35 539.417 81 150.284 528.117 113.9 -244.64 243.067 25.5 242.44 230.767 126.4 -309.01 -17.091 -110.7 345.07 -28.193 -4.9 -18.51 305.637 101.7 -131.83 81.2 95.1 77.866 73.8075 116.6 -61.26 -361.933 11.8 68.568 -380.863 74.7 -80.31 -771.063 -109.3 82.262 -773.123 -89.6 -134.22 -82.547 3011.7
0.0591 0.83 741.633 76.9 -9.83 524.683 98.3 -170.12 530.883 81.6 150.462 518.473 114.9 -258.87 232.643 6.6 247.68 209.493 104.5 -331.08 -7.832 -157.1 370.84 -26.396 -45.8 -19.67 296.753 108 -134.32 72.8751 107 75.304 64.7587 128.7 -81.51 -369.687 9.8 77.753 -388.187 72.1 -81.41 -775.487 -103.6 82.151 -779.327 -83.4 -131.57 -73.383 3006.5
0.0674 -2.3 728.666 52.4 -12.25 514.476 90.4 -172.32 519.416 71.5 147.822 509.536 109.3 -266.43 230.666 -10.1 246.83 205.936 82.5 -352.42 14.969 -204.1 396.14 0.501 -84.7 -22.22 288.206 115.8 -136.88 65.173 128.8 72.489 58.713 153.5 -96.19 -372.804 9 82.209 -392.244 83.2 -84.54 -784.674 -87.6 79.491 -782.574 -66.6 -129.4 -76.456 3000.6
0.0748 -1.58 717.369 31.9 -12.7 505.899 84.4 -173.08 511.259 68.7 147.679 500.539 100.1 -277.45 236.219 -36.1 263.19 208.049 63.1 -369.87 41.03 -251.4 419.73 25.315 -126.7 -24.02 281.779 123.5 -140.23 61.16 152.3 69.552 54.155 172.9 -112.39 -370.311 8.7 84.263 -391.251 76.5 -89.12 -775.691 -81 77.454 -777.621 -64.6 -126.83 -77.709 2993.4
0.083 0.44 704.356 14.2 -11.07 499.256 80.1 -170.75 503.016 58.7 148.606 495.506 101.6 -289.67 251.796 -54.6 287.12 219.346 41.1 -382.19 81.7342 -293.8 432.72 59.655 -175.5 -23.44 278.276 133.5 -140.29 59.759 172.9 68.666 54.844 201 -120.03 -364.214 7.2 86.146 -386.774 88 -89.46 -770.824 -78.3 77.813 -769.794 -47.5 -125.23 -86.346 2986.2
0.0909 2.96 683.367 -8.5 -10.18 484.047 70.6 -169.82 487.457 48.3 149.458 480.637 92.8 -298.99 251.217 -73.2 302.41 220.427 16.2 -394.18 108.238 -328.9 444.75 83.4726 -216.4 -24.42 267.737 139.6 -143.02 53.661 194.2 65.686 49.202 223.2 -130.28 -359.683 3.3 86.883 -386.263 89.3 -95.39 -770.213 -70.3 75.501 -766.033 -47 -122.01 -81.947 2983.5
0.0987 1.59 664.38 -19.9 -9.03 468.54 65.2 -168.97 470.8 44.9 150.909 466.29 85.5 -309.47 257.35 -90.6 322.22 233.53 -18.3 -400.63 143.047 -362.2 452.04 116.62 -264.4 -21.92 254.83 143.1 -139.39 42.586 207.7 69.766 39.636 234.2 -140.05 -359.05 -6.8 94.404 -393.4 92 -91.69 -783.35 -74.1 81.191 -775.51 -56.6 -118.48 -85.75 2981.7
0.1067 6.33 651.671 -31.4 -5.98 459.691 61.6 -165.84 460.971 40.5 153.88 458.421 82.7 -322.6 268.011 -112 339.74 241.061 -29.4 -401.25 173.258 -391.5 453.56 145.666 -291.2 -19.33 250.081 150 -137.21 41.292 224.7 71.844 39.625 252.3 -151.5 -350.139 -7.8 94.856 -389.169 97.2 -98.56 -766.679 -73.8 76.07 -764.689 -51.2 -117.91 -92.681 2975.6
0.1148 7.98 637.181 -47.1 -4.83 448.691 55.4 -164.6 448.881 33.5 154.944 448.491 77.3 -338.97 275.881 -126.7 353.2 243.871 -43.3 -400.84 195.801 -410.7 450.59 167.323 -315.8 -18.68 244.031 154.7 -137.02 39.508 239.7 71.934 39.258 268.4 -159.93 -337.759 -14.4 96.244 -387.219 106.7 -105.45 -758.169 -74.1 75.288 -756.919 -48.3 -115.83 -91.191 2971.5
0.1226 11.71 625.52 -56.1 0.81 440.93 51 -158.83 438.33 28.4 160.448 443.52 73.6 -342.37 289.62 -145.2 372.7 265.09 -63.5 -393.64 227.52 -430.7 449.12 198.444 -342.1 -10.93 239.41 157.2 -127.08 36.199 248.6 81.736 39.599 278.1 -161.34 -328.2 -22.7 108.736 -384.79 111.1 -101.46 -758.65 -81.5 81.817 -759.11 -54.6 -117.06 -102.75 2968.6
0.1306 14.2 611.09 -69.4 5.79 430.93 45.2 -153.71 424.49 22.6 165.293 437.37 67.8 -352.72 302.3 -160.8 382.79 285.04 -76.7 -385.94 238.83 -449.6 443.55 223.64 -359.3 -2.5 233.97 159.9 -115.11 32.802 259.8 93.542 41.228 289.4 -160.88 -318.31 -27.1 116.218 -379.95 113.9 -101.05 -741.92 -81.3 82.509 -748.96 -50.3 -115.54 -109.85 2965.9
0.1387 16.843 597.99 -73.6 7.26 419.24 42.8 -152.39 413.3 20.9 166.915 425.18 64.6 -362.22 315.07 -167.6 391.04 297.45 -86.1 -372.62 246.64 -458 429.13 237.61 -371.3 -1.74 224.41 161.3 -115.13 25.706 265.6 93.641 33.472 294.2 -177.69 -310.22 -35.7 106.443 -384.63 110.8 -117.98 -734.4 -85.6 70.52 -749.09 -53.5 -113.4 -111.85 2961.7
0.1468 22.52 585.72 -75 10.33 407.33 40 -149.02 402.07 15.9 169.683 412.59 64.1 -365.26 329.5 -179.3 400.86 310.18 -92.5 -364.11 249.2 -465.2 417.73 246.5 -380.5 -1.37 213.152 159.6 -117.28 15.537 263.5 91.131 22.414 295 -182.8 -313.06 -46.1 101.947 -394.21 107.8 -124.49 -732.4 -89.1 66.791 -750.8 -53.6 -112.05 -115.39 2959.3
0.1547 20.762 579.57 -74.5 11.43 400.92 40.2 -147.61 393.4 14.7 170.474 408.43 65.7 -361.47 345.23 -178.9 411.09 321.57 -101 -355.34 262.41 -462.2 407.43 255.54 -388.5 1.19 207.415 161.2 -113.06 9 265.5 94.955 18.83 298.8 -177.42 -319.08 -45.5 106.979 -398.46 113 -121.6 -720.68 -80.9 72.34 -739.49 -47.9 -112.7 -123.17 2956.4
0.1625 19.018 573.02 -71.4 12.49 392.63 40.6 -146.41 383.66 14.7 171.395 401.59 66.6 -357.91 350.87 -174.9 417.38 332.05 -102 -347.35 267.97 -456.5 404.07 264.58 -390.1 3.74 198.725 161.2 -108.91 -1.04 264.7 98.907 10.68 298.7 -180.77 -326.05 -48.1 107.284 -410.02 120.6 -122.57 -713.14 -84.5 71.398 -739.63 -51.2 -113.68 -128.34 2951.7
0.1704 22.225 561.37 -66.6 13.452 380.98 43.3 -145.21 373.06 15.6 172.114 388.91 71 -358.27 346.49 -172.1 416.87 337.06 -106.2 -344.67 265.62 -453.6 388.32 254.27 -387.6 1.99 187.468 164.2 -113.23 -11.23 267 94.288 -0.86 303.3 -190.43 -338.31 -42.4 98.453 -422.32 126.8 -132.84 -709.99 -80.5 65.427 -740.54 -41.9 -111.52 -128.22 2945.5
0.178 25.89 553.92 -63.7 15.69 372.94 44 -142.47 364.43 13.8 173.849 381.45 74.3 -357.89 344.84 -169.7 415.18 349.63 -106.7 -339.56 264.54 -451.1 377 248.88 -380.2 3.09 179.115 164.4 -112.93 -20.27 265 93.933 -9.14 304.5 -190.71 -351.58 -39.9 101.607 -429.29 125 -130.29 -707.89 -79.2 64.35 -738.22 -39.7 -111.5 -129.21 2942.9
0.1861 25.588 546.42 -76 16.646 369.7 37.7 -141.93 360.55 9.9 175.22 378.85 65.5 -358.61 347.3 -175.8 414.92 360.75 -106.3 -336.29 268.87 -454.9 374.12 248.41 -378.2 5.82 178.63 162.5 -108.7 -18.43 269.1 98.7 -6.46 305.4 -184.83 -353.15 -32.6 105.644 -427.05 126.7 -128.83 -696.47 -73.6 70.859 -727.68 -38.3 -113.05 -136.52 2944.4
0.1943 24.28 544.19 -69.1 14.925 363.74 39.6 -143.89 356.48 12.6 173.742 370.99 66.6 -357.21 355.66 -179.3 417.05 361.37 -104.5 -336.79 270.01 -456.8 368.68 250.05 -379.2 3.29 170.075 160.2 -112.2 -28.33 263.2 95.504 -18.84 298.4 -192.17 -363.86 -36.6 99.706 -435.18 110.3 -134.76 -700.16 -84.7 65.12 -739.13 -45.4 -111.15 -139.76 2943.6
0.2025 21.811 542.17 -80.1 13.505 364.33 34.1 -145.73 356.52 9.9 172.741 372.15 58.2 -354.29 353.2 -182 420.83 346.12 -106.6 -332.74 259.77 -454.6 366.81 247.35 -382.3 3.94 173.394 159.1 -109.77 -22.66 268.3 98.5072 -12.43 299.8 -184.93 -362.83 -27.4 104.092 -430.19 114.7 -129.54 -682.46 -73.7 71.805 -712.97 -34.2 -108.35 -139.79 2944.1
0.218 23.879 543.38 -79.8 15.197 366.83 35 -144.17 358.63 11.8 174.559 375.04 58.3 -350.92 357.66 -184.5 428.14 346.13 -105.3 -332.01 259.11 -452.9 370.69 249.41 -377.6 6.43 177.065 161.9 -106.55 -18.07 273.6 101.86 -7.34 304.1 -189.21 -351.65 -27.4 98.133 -426.01 121.1 -129.03 -686.57 -72.3 65.002 -713.16 -28.4 -110.4 -144.96 2941.6
0.2328 23.614 536.19 -82.5 15.739 360.67 33.6 -143.36 351.5 8.9 174.834 369.85 58.3 -351.74 352.58 -194.7 429.79 335.3 -107.1 -326.24 244.43 -456.5 370.11 239.09 -376.6 6.58 172.247 162.5 -106.62 -22.18 275.2 101.461 -10.18 307.6 -188.58 -350.69 -31.5 96.258 -428.27 123.2 -129.96 -688.13 -71.3 65.133 -714.89 -25.8 -108.93 -137.23 2942.7
0.2456 24.877 534.14 -80.5 16.791 358.23 37.2 -142.25 349.79 11.8 175.833 366.67 62.5 -352.06 349.46 -193.9 431.21 339.31 -98.1 -329.17 238.86 -455.6 372.57 238.73 -367.2 6.18 170.026 166.3 -108.42 -23.7 278.9 99.58 -12.66 312 -194.78 -345.7 -33.5 96.764 -432.07 130.5 -134.51 -694.77 -73.2 63.631 -721.26 -30.1 -109.77 -134.78 2938.9
0.257 24.126 543.84 -72.1 15.913 361.4 36.6 -142.99 353.72 10.1 174.812 369.09 63 -354.55 343.29 -193.1 426.08 346.26 -105.2 -334.7 243.51 -460.3 378.18 233.27 -371.7 5 168.394 158.1 -109.83 -29.64 262.3 97.9921 -19.59 296.9 -193.18 -351.06 -51.7 97.239 -438.87 115.1 -134.46 -702.4 -89.6 66.462 -730.15 -47.4 -107.35 -130.47 2941.1
0.2649 24.494 531.28 -77.1 18.342 354.18 37.6 -140.68 343.77 13 177.366 364.59 62.1 -350.55 338.98 -187.9 424.25 341.5 -103.4 -339.29 245.3 -460.8 382.8 228.85 -371.3 11.466 163.482 163 -99.42 -34.03 272.3 108.603 -20.41 304.5 -180.52 -365.76 -31 103.359 -441.79 127.7 -127.17 -703.05 -67.1 76.585 -729.34 -27.8 -109.89 -128.09 2939.9
0.2725 26.759 539.47 -78.2 20.709 359.66 35.6 -137.84 348.64 8.4 179.262 370.67 62.7 -354.07 337.18 -183.4 430.33 348.96 -102.7 -343.71 245.77 -459.8 383.16 227.73 -366.9 12.728 168.107 159.8 -98.94 -30.65 266.2 108.435 -16.24 301.7 -189.2 -355.34 -42.1 92.888 -435.41 120.7 -133.61 -701.11 -82.1 68.548 -726.23 -37.2 -110.64 -127.25 2939.4
0.2806 24.625 534.69 -76.4 18.01 354.95 36.2 -140.7 345.17 9.4 176.725 364.72 63 -358.12 335.33 -182.8 426.08 339.71 -100.9 -347.99 242.3 -458.8 378.84 224.96 -368.4 9.2 162.247 158.6 -103.39 -36.85 263.5 104.171 -24.06 298.6 -190.17 -364.48 -42.9 92.223 -444.95 121.1 -139.8 -711.24 -78.6 63.269 -739.3 -38.9 -109.74 -121.36 2940.3
0.2886 23.899 534.53 -71.4 15.892 353.38 36.7 -142.98 344.54 10.5 174.765 362.21 63 -361.22 336.04 -178.4 424.88 334.72 -96.9 -345.04 241.89 -453.6 376.97 222.55 -364.9 6.92 158.978 156.4 -105.94 -41.2 259 101.842 -29.65 293.3 -188.68 -370.83 -46.5 91.615 -450.17 114.7 -138.29 -716.13 -79.1 65.351 -742.6 -43.7 -109.72 -116.55 2941.6
0.3011 27.661 547.15 -70 16.02 363.91 34.1 -142.71 357.64 6.4 174.752 370.17 61.8 -367.07 335.97 -177.3 420.46 334.34 -92.5 -343.13 239.98 -449.6 376.43 224.59 -361.2 3.71 166.99 149.2 -112.41 -34.02 246.1 95.217 -25.83 282.4 -190.93 -368.75 -54.8 83.958 -448.66 109.4 -143.99 -707.85 -88.6 62.073 -737.83 -50.1 -107.89 -112.24 2944.4
0.3147 26.183 556.13 -67.6 14.481 370.8 34.5 -144.42 366.03 7.4 173.381 375.57 61.6 -374.05 329.18 -170.1 428.21 331.85 -86.1 -342.34 236.61 -445.6 381.21 217.29 -352 1.36 172.148 146.5 -115.67 -29.63 240.8 92.143 -23.39 276.2 -185.67 -373.55 -51.4 85.664 -448.22 108 -142.49 -715.16 -83.8 62.317 -745.41 -52.3 -108.94 -104.3 2944.1
0.3268 29.596 571.12 -69.2 17.583 383.94 32.1 -141.39 380.15 5.2 176.554 387.73 59 -378.79 328.72 -153.2 433.84 337.05 -73.7 -341.44 234.9 -429 376.66 212.24 -337.4 3.72 184.256 142.2 -114.09 -17.9 234.8 93.813 -12.95 270 -179.37 -368.24 -50.9 93.646 -439.04 104.9 -134.52 -718.37 -83.7 67.861 -745.82 -49.8 -110.71 -100.28 2948.2
0.3347 25.467 578.604 -70.4 12.668 391.964 31.4 -146.18 387.924 3.8 171.513 396.014 59 -384.76 324.564 -136.2 432.55 334.234 -57.5 -346.04 229.794 -414.3 369.19 204.484 -317.6 -0.99 191.099 139.4 -118.53 -12.416 229.4 89.216 -7.126 265.5 -184.86 -360.186 -59.4 91.428 -432.716 99 -136.24 -733.926 -85.9 64.738 -753.676 -51.4 -107.48 -93.344 2951.2
0.3426 24.64 589.665 -73 13.319 403.515 30.5 -145.29 397.595 1.9 171.924 409.435 59 -385.88 322.545 -125.7 430.78 322.395 -49.3 -344.45 225.005 -401.7 367.39 196.205 -307.4 1.88 201.145 135.9 -113.28 -5.105 222.6 94.168 2.64 260 -178.88 -348.405 -71.7 97.767 -419.095 84.2 -127.53 -735.705 -87.6 70.738 -754.775 -54.5 -109.23 -91.435 2953.7
0.351 26.097 602.609 -52.7 14.327 409.319 36.7 -144.82 406.959 11.1 173.474 411.689 62.2 -386.85 303.559 -87.4 422.94 316.769 -18.5 -338.86 218.699 -366.2 369.82 179.349 -271.3 2.77 200.679 127.8 -112.89 -9.521 202.1 95.333 -6.43 235.6 -180.86 -345.691 -99.7 94.054 -429.251 62.3 -130.53 -746.671 -102.5 68.041 -773.081 -76.6 -109.89 -77.389 2955.3
0.3591 25.37 621.725 -31.2 14.814 423.875 45.8 -144.56 423.025 21.4 174.186 424.715 70.2 -388.83 304.915 -57.9 416.55 315.445 16.1 -345.6 216.095 -333.4 367.45 180.825 -239.9 4.08 209.935 123.2 -110.86 -4.555 184.7 97.543 -3.452 216.6 -191.14 -309.945 -129.6 94.527 -428.605 49.1 -127.98 -747.935 -101 70.654 -773.935 -74.4 -109.61 -76.295 2956.8
0.3767 27.753 636.781 -12 15.256 435.521 52.9 -143.85 436.571 26.7 174.361 434.461 79 -386.97 289.501 -24.6 418.2 300.371 36 -343.04 203.121 -301.3 367.43 168.019 -218.2 3.25 217.381 117.2 -112.8 -0.063 164.4 95.29 -1.442 198.5 -200.24 -291.329 -151.5 90.379 -432.669 48.5 -132.15 -744.329 -105.7 65.668 -775.369 -71.9 -109.7 -68.751 2961.5
0.3899 29.957 649.46 -3 17.641 445.61 57.9 -141.16 447.13 29.9 176.446 444.09 85.8 -374.42 285.99 9.4 417.66 296.98 73.7 -335.83 180.98 -262.9 366.78 160.767 -180.7 5.49 225.2 114.9 -110.5 5.784 153.7 97.187 3.796 190.3 -196 -282.98 -152.4 96.439 -431.22 51.3 -126.96 -745.98 -103 67.709 -781.81 -66.7 -109.37 -63.15 2964
0.4018 28.72 664.055 11.8 18.599 457.445 62.6 -140.23 458.645 34.7 177.426 456.255 90.5 -363.1 295.725 33.2 421.94 296.215 105.4 -330.73 169.225 -228 360.47 156.971 -147.5 8.81 234.405 108.7 -104.83 12.138 136.6 102.875 10.576 173.1 -190.99 -284.805 -166.7 97.829 -426.975 42.2 -121.97 -750.305 -113 71.07 -784.945 -76.6 -110.29 -64.805 2968.5
0.4156 24.832 672.029 26.9 15.716 463.029 66.4 -143.04 464.319 38 174.476 461.749 94.7 -364.66 299.679 40.3 404.86 313.949 125.9 -322.06 145.75 -200.2 351.53 148.618 -109.2 7.79 237.829 100.6 -103.94 13.466 116.2 103.69 11.792 153.3 -191.33 -284.021 -174.7 91.883 -429.511 36.6 -122.32 -751.271 -118.3 66.598 -788.911 -84.6 -108.52 -63.729 2975
0.427 26.676 688.645 35.2 16.793 476.695 69.7 -141.66 478.865 39.8 175.248 474.515 99.6 -350.43 301.365 61.1 397.83 309.545 145.5 -311.01 122.373 -161.2 344.98 129.809 -76.4 8.392 250.435 97.7 -103.64 25.608 106.1 103.616 22.758 145.3 -186.45 -273.215 -174.9 88.788 -422.255 44.4 -117.94 -744.835 -108.8 63.176 -781.265 -75.6 -108.13 -59.415 2980.5
0.4386 25.802 699.312 44.8 16.579 484.712 73.7 -141.99 487.452 44.4 175.148 481.982 103 -343.02 301.902 82 372.6 304.982 154.7 -301.5 94.884 -123.5 330.23 102.827 -48.9 8.536 257.692 96 -103.2 32.463 99.2 104.187 28.887 137.5 -168.4 -314.608 -153.6 88.643 -417.258 40.8 -116.35 -760.098 -107.8 62.542 -788.918 -82.6 -106.77 -50.922 2987.3
0.4554 25.448 716.94 61.3 18.448 501.28 80.7 -140.08 504.04 51.2 176.973 498.52 110.3 -328.89 310.16 100.1 356.93 302.7 168.4 -291.17 84.208 -88.1 318.11 86.692 -19.8 12.002 273.55 94 -98.11 47.629 88 109.221 44.02 126.7 -149.3 -323.83 -151.1 89.972 -402.07 29.8 -112.08 -766.09 -118.2 64.731 -788.68 -88.3 -107.5 -58.67 2991.6
0.4685 25.212 728.009 67.4 19.457 511.099 85.7 -139.08 513.569 56.2 177.999 508.629 115.3 -314.24 294.709 103.5 332.78 309.319 184.4 -280.86 57.5421 -66.5 303.75 77.587 7.1 14.153 283.019 95.1 -94.83 56.5642 85.2 112.526 53.3306 123.8 -133.03 -334.751 -133.3 87.283 -394.871 39.6 -108.7 -771.991 -110.7 63.259 -780.881 -89 -106.45 -56.469 2996.8
0.4823 25.005 737.039 80.7 19.586 520.929 92 -139.15 523.199 63.6 178.324 518.659 120.4 -296.8 296.389 113.2 312.12 298.249 189.3 -267.7 47.007 -43 291.42 57.7677 18.5 15.867 292.659 94.5 -91.66 65.8657 78.4 115.958 62.8939 115.6 -124.74 -337.241 -125.7 82.803 -383.151 23.1 -106.12 -780.021 -115.2 61.609 -784.401 -98.8 -108.89 -57.869 3001.2
0.498 21.066 746.514 82.8 17.453 529.124 92.5 -141.25 530.354 63.8 176.153 527.894 121.2 -285.86 293.904 118.9 295.8 289.214 195.7 -253.49 34.838 -22.1 284.61 35.554 43 15.654 300.724 92.6 -89.93 73.137 74 117.639 71.53 111.6 -105.12 -338.876 -117.1 83.563 -377.166 33.9 -104.23 -780.746 -114.4 58.96 -783.226 -95.6 -110.01 -59.944 3006.9
0.5065 16.425 748.186 86.7 14.08 532.556 94.1 -144.73 533.926 66 172.889 531.176 122.2 -270.57 292.686 121.3 279.08 292.846 199.6 -246.88 25.479 -6.8 271.68 28.965 63.7 12.632 304.136 91.1 -92.67 76.617 69.8 115.036 74.819 106.5 -94.62 -342.354 -108.5 75.52 -375.144 39.1 -109.16 -782.524 -121.1 58.102 -784.624 -99.2 -108.51 -61.366 3008.9
0.5159 12.088 756.318 89.2 11.506 539.828 96.7 -147.69 540.078 71 170.702 539.578 122.4 -256.05 291.818 120.3 269.58 294.248 200.5 -241.99 18.078 4.4 268.47 21.294 83.3 11.876 311.398 92.2 -91.87 83.136 70.8 116.366 82.807 104.5 -87.31 -343.332 -89.8 73.554 -367.432 39.9 -105.4 -778.582 -118.3 61.191 -776.582 -101.5 -110.05 -69.498 3008.9
0.5264 5.89 761.878 90 6.41 545.398 97.7 -153.06 545.508 73.7 165.89 545.298 121.6 -245.88 281.158 114.5 265.01 296.908 194 -245.65 2.251 10.7 263.95 14.907 101.5 7.16 316.988 91.7 -96.39 88.641 70.1 112.191 88.503 101.4 -87.52 -342.012 -80.3 66.294 -362.712 46.7 -107.82 -773.722 -116.3 60.577 -770.282 -98.7 -107.93 -75.528 3010.8
0.5448 0.78 771.891 114.8 1.02 554.491 105.9 -158.97 555.831 86.1 161.017 553.151 125.6 -235.27 281.541 107.9 254.49 295.351 182.2 -245.02 -4.347 27.9 265.58 7.984 108.2 1.46 327.141 86.9 -102.76 100.669 55 106.559 98.916 80.9 -91.64 -336.089 -76.3 66.209 -352.709 24.6 -110.61 -761.309 -127.2 57.15 -759.799 -116.8 -109.01 -82.651 3012.9
0.5593 0.1 776.42 128.2 0.24 559.28 111.9 -159.9 561.4 93.2 160.385 557.16 130.6 -226.26 282.24 97.6 243.22 297.12 172.6 -240.91 -8.533 38.3 259.41 5.425 118.1 0.16 332.4 86.9 -104.63 106.908 49.7 104.78 104.135 74.2 -85.85 -337.21 -49 69.691 -349.69 49.3 -105.3 -758.46 -118.9 60.354 -757.58 -103.8 -109.67 -82.55 3013.4
0.5762 -3.68 787.074 132.8 -3.4 569.344 113.6 -163.51 572.234 94.6 156.71 566.454 132.7 -222.27 285.784 89.9 233.48 298.324 166.8 -239.13 -7.907 44.6 250.92 5.657 113.4 -4.22 342.634 86.1 -109.74 117.822 46.1 99.6522 114.044 71 -82.8 -330.996 -25.5 62.373 -340.546 58.2 -109.1 -754.706 -118.3 57.086 -755.776 -99.7 -108.9 -84.684 3015.3
0.5892 -6.01 786.465 137.3 -3.11 570.165 116 -163.32 571.545 97.6 157.108 568.785 134.3 -218.84 300.065 86.7 229.11 305.415 165.5 -236.47 4.317 55.7 239.78 11.264 117 -1.65 343.695 86.2 -104.96 118.119 44.4 104.584 116.317 68.4 -71.58 -333.335 -8 72.576 -338.915 71.3 -101.16 -763.605 -119.7 67.098 -763.655 -104 -110.31 -91.015 3014
0.603 -3.81 789.756 138.2 -0.12 572.846 117.3 -160.16 573.436 97.5 159.92 572.246 137.1 -213.18 297.106 81.6 231.12 303.866 170.7 -231.84 0.239 60.7 231.49 10.585 116.1 2.74 346.356 87.4 -99.05 120.253 44.5 110.264 119.475 70.5 -69.72 -332.274 -6.7 72.509 -335.614 69 -99.2 -757.144 -115.7 67.634 -759.134 -96.4 -114.63 -94.706 3013.3
0.6205 -3.76 788.006 140.1 -0.7 571.296 117.7 -160.96 572.236 99.8 159.562 570.366 135.6 -211.41 299.636 83.4 231.32 302.756 174.6 -230.85 2.155 69.7 222.21 11.225 112 1.49 344.976 86.4 -101.13 119.258 43.3 108.478 118.037 66.8 -72.18 -334.524 1.7 67.4 -336.544 52.4 -102.15 -754.934 -117.4 64.168 -759.384 -99.8 -115.77 -95.016 3012.9
0.635 -4.27 794.493 154.7 -2.45 578.253 124 -162.94 579.843 108.4 158.034 576.663 139.7 -210.24 297.503 84.4 223.79 304.533 163.7 -230.05 0.25 64.6 220.13 9.682 122.4 -1.05 352.883 86.8 -104.6 128.554 39.3 105.315 126.477 59.8 -66.07 -324.947 1.3 59.407 -327.907 49.4 -102.54 -743.507 -116.9 64.778 -748.877 -99.3 -116.68 -97.863 3013.1
0.6507 -3.35 787.479 146.4 -2.2 570.889 121 -162.82 572.319 106.6 158.411 569.459 135.5 -210.43 296.799 83 223.2 300.129 153.9 -229.42 -0.683 63.9 216.91 3.898 120.5 -1.2 344.909 87.5 -105.23 119.871 44.6 104.825 118.004 63.5 -61.76 -333.601 10.3 64.536 -336.821 68.6 -98.34 -761.211 -107.3 65.819 -760.791 -90.1 -116.89 -91.909 3014.3
0.6632 -4.24 789.368 141.7 -3.94 572.328 119.1 -164.59 573.868 105 156.711 570.778 133.2 -210.18 297.398 83.8 224.61 299.348 159.5 -229.22 -0.033 62.9 215.997 3.998 117.9 -3.34 346.058 87.5 -107.8 120.794 46.6 102.307 118.771 65 -61.44 -331.602 3.1 53.292 -335.282 72.3 -101.88 -755.372 -116.6 65.163 -757.412 -94.1 -117.24 -94.668 3014.9
0.6783 -9.02 794.995 155.8 -5.97 578.565 126.5 -166.73 578.125 113.8 154.799 578.995 139.1 -209.03 297.225 88.9 224.8 298.365 163.8 -229.29 2.594 48.1 217.461 3.789 115.8 -2.51 353.045 90.2 -104.19 127.241 45.7 106.089 127.806 62.3 -58.62 -324.405 -5.9 62.433 -326.945 64.9 -98.25 -748.485 -121.3 72.412 -746.835 -99.8 -118.64 -93.875 3013.3
0.6931 -7.57 793.969 147.2 -5.55 577.359 123 -166.08 577.349 107.7 154.974 577.379 138.3 -209.14 299.339 88.4 220.21 301.449 154.4 -227.33 4.124 48.3 216.272 5.964 111.4 -2.45 351.239 90.6 -104.33 125.106 48.3 105.636 125.126 68.3 -66.9 -328.201 6.2 62.637 -329.681 62.4 -97.03 -759.051 -113.6 71.42 -758.091 -89.4 -118.73 -91.999 3014.6
0.7076 -5.14 790.722 143.9 -2.57 574.732 121.7 -163.07 574.842 105.9 157.924 574.632 137.5 -207.51 298.802 89 219.846 299.292 150.8 -225.65 2.888 53.2 218.082 3.568 108.6 0.32 348.372 90.8 -101.73 122.079 49.5 108.158 121.943 70.2 -66.43 -330.938 1.9 68.509 -332.728 51.6 -93.91 -758.908 -116.2 71.903 -761.838 -92.7 -120.17 -92.092 3014.3
0.72 -3.33 799.296 155.9 -0.28 582.256 126.1 -160.56 582.266 108.3 160.002 582.256 143.9 -208.24 299.286 87.2 222.01 305.786 157.4 -228.83 4.249 45.6 215.277 10.098 115.3 3.69 356.676 90.2 -97.15 131.095 42.7 112.483 131.088 66 -64.53 -321.724 -9 71.663 -323.324 41.9 -89.35 -748.834 -122.5 78.309 -747.094 -93 -119.08 -92.846 3014
