0 2.43 757.225 64 -0.8 540.665 85.5 -161.51 541.925 72.2 159.907 539.405 98.9 -166.12 243.115 72.6 238.57 282.675 147 -170.66 -55.655 77.3 266.24 -11.671 68.8 -3.24 312.405 93.4 -110.78 84.9576 92.5 99.416 83.3137 110 -58.33 -360.965 7.7 48.001 -368.945 70.9 -76.49 -768.435 -102.8 93.17 -788.045 -119.6 -126.28 -86.745 3015.3
0.015 3.43 753.038 65 -0.66 536.478 87.1 -161.33 538.518 73.4 160.014 534.448 100.9 -165.02 239.698 73.7 240.13 251.938 130.8 -169.05 -59.092 78 290.27 -31.392 37.5 -4.37 308.258 96.7 -113.14 81.3541 97.3 96.994 78.6972 115.3 -62.58 -364.362 10.1 51.275 -373.272 67.2 -75.03 -762.172 -97.3 95.155 -780.102 -111.6 -124.48 -80.478 3011.9
0.024 7.02 743.396 54.8 1.97 528.516 81.7 -158.53 531.426 66.3 162.47 525.606 97.2 -183.85 219.596 64.8 244.84 238.166 113.9 -207.8 -38.744 57.3 318.98 -26.474 -4.4 -3.68 300.726 97.5 -114.29 74.8494 103.2 95.639 71.046 123.4 -62.1 -370.804 16.4 49.644 -381.614 81.8 -75.13 -769.184 -92.8 94.769 -787.294 -102.6 -123.05 -82.956 3009.4
0.032 9.02 727.433 26.1 0.98 515.223 71.3 -159.18 517.813 52.8 161.152 512.623 89.7 -204.09 221.413 42.8 243.43 219.873 90.9 -252.19 -46.067 6.1 350.72 -28.627 -35.4 -6.31 289.643 102.9 -118.37 65.766 122.4 91.143 62.371 146.5 -73.62 -378.747 26.8 54.584 -389.137 89.2 -81.74 -769.687 -78.1 89.414 -785.797 -84.2 -121.19 -78.373 3006.3
0.04 11.77 716.562 15.4 1.33 506.452 68.2 -158.85 509.542 49.8 161.517 503.372 86.6 -223.2 217.212 25.6 256.71 209.952 73 -292.1 -51.048 -46 384.17 -23.972 -60.9 -7.61 282.172 108.4 -121.29 59.899 136.6 88.194 55.864 160.7 -77.25 -380.218 23.3 54.871 -391.398 77.9 -81.94 -770.208 -81 87.331 -786.748 -91.1 -118.59 -75.202 3002.6
0.056 12.35 717.851 12.1 2.11 508.901 68.3 -157.63 511.601 46.5 161.85 506.201 90.1 -238.83 221.661 4.5 268.37 210.191 54.1 -325.21 -36.869 -101 411.94 -0.219 -99.5 -7.94 285.611 114.3 -122.46 64.084 146.1 86.496 60.553 174.6 -84.81 -373.759 22 58.563 -384.599 78.2 -83.68 -764.969 -84.6 86.918 -779.419 -84.7 -115.87 -81.361 2996.2
0.069 12.98 709.4 12.6 2.64 500.86 69.5 -157.04 503.63 47.1 162.314 498.1 91.8 -281.14 242.88 -62.8 290.46 205.54 36.8 -393.01 50.702 -259.1 442.68 14.209 -136.5 -8.22 278.34 119.5 -123.48 57.622 154.8 85.333 54.01 184.1 -103.99 -379.65 25.3 60.411 -388.99 76.6 -85.15 -773.25 -77.2 83.806 -782.37 -80.2 -114.22 -80.13 2990.3
0.08 15.749 695.687 3.6 3.18 488.897 68 -156.27 491.997 44.1 162.629 485.797 92 -293.99 243.797 -78.9 300.81 200.567 21.5 -410.32 66.5465 -291.2 457.83 34.267 -174.7 -9.84 268.567 126.3 -127.13 50.274 168.8 81.408 46.219 200.1 -119.52 -385.663 33.4 60.245 -395.993 87.8 -88.4 -774.293 -68.1 79.828 -785.753 -70.5 -111.23 -74.887 2984.1
0.095 17.973 694.745 -0.4 4.81 488.455 67.2 -154.4 491.575 41.8 164.032 485.345 92.7 -297.9 249.895 -95.4 321 219.235 -1.2 -423.84 91.427 -320.8 474.66 58.413 -204.6 -9.72 269.835 131.4 -128.37 53.247 178.9 79.867 49.17 212.1 -123.77 -377.085 26.7 65.382 -390.755 90.2 -89.96 -768.655 -64 76.999 -781.225 -70.2 -110.24 -81.415 2980.5
0.109 21.099 669.421 -23.6 4.73 470.331 58.9 -154.72 475.051 35.3 164.189 465.611 82.4 -301.75 250.251 -109.3 333.22 220.561 -21.4 -438 111.834 -344.4 487.63 81.6724 -240.5 -13.3 257.561 138.2 -135.61 47.873 202.2 72.961 41.699 233 -134.71 -375.539 32 60.685 -397.229 106.8 -96.44 -769.209 -46.1 69.516 -787.109 -60.2 -107.71 -80.081 2976.5
0.122 20.474 654.094 -46.2 3.58 464.884 50.9 -156.27 470.744 30.6 163.425 459.024 71.2 -307.84 270.414 -124.8 342.67 236.814 -45.4 -442.6 149.779 -371.9 499.63 115.518 -272 -16.01 259.024 145.8 -140.15 56.993 227.4 68.943 49.324 254 -146.02 -356.326 34.9 69.9 -384.506 112 -98.19 -758.966 -39.2 69.683 -773.776 -57.4 -105.72 -95.444 2973.5
0.13 21.829 641.317 -53.3 3.345 453.087 48.9 -156.39 458.587 27.5 163.078 447.587 70.3 -315.95 263.207 -133.9 351.8 234.367 -58.7 -445.38 158.792 -393.8 505.16 124.593 -295.6 -17.27 250.147 150.5 -142.33 50.801 238.2 66.554 43.604 266.2 -155.31 -340.633 7.8 74.691 -383.643 106.2 -99.84 -759.413 -49.8 67.163 -772.943 -62.8 -101.86 -88.197 2967.2
0.138 25.565 625.206 -56.7 7.626 440.806 47.9 -151.94 444.746 25 167.192 436.866 70.9 -316.82 271.056 -144.7 369.05 245.096 -73.6 -440.29 175.156 -412.9 506.1 147.877 -323.8 -12.77 240.596 155.4 -137.51 42.958 247.8 71.186 37.801 277.8 -155.77 -341.174 3.8 83.07 -391.304 122.1 -99.96 -767.474 -50.6 69.914 -776.954 -56.4 -103.12 -96.526 2964.4
0.146 21.732 618.69 -54.6 7.15 433.34 48.2 -152.46 434.37 25.3 166.764 432.31 71 -326.55 277.69 -150 386.39 255.22 -89.4 -433.71 188.273 -427.6 493.1 162.586 -348.1 -9.78 233.61 157.4 -131.1 34.56 251.8 77.67 33.209 281.7 -158.41 -341.24 -4.9 91.645 -392.67 117.2 -108.75 -752.78 -65.9 71.361 -767.26 -61.4 -100.43 -103.42 2960.8
0.162 27.47 608.88 -60.9 10.206 425.99 47 -149.13 428.38 22.4 169.541 423.6 71.7 -332.23 285.28 -152.4 401.24 264.99 -98.6 -418.65 197.525 -436.8 482.16 172.28 -360.1 -10.38 229.22 161 -135.17 34.011 258.8 73.22 30.881 291 -174.79 -335.93 -5.2 82.307 -393.68 122.6 -129.77 -738.09 -70.1 54.871 -759.01 -50.9 -101.28 -109.62 2953.3
0.175 28.035 599.48 -62.5 13.029 415.72 45.2 -145.89 415.35 18 171.947 416.1 72.4 -341.51 296.37 -160 407.72 269.21 -101.1 -409.4 207.725 -446.6 471.43 182.721 -366.9 -6.28 219.71 160.9 -129.54 23.456 258.8 78.345 23.95 294.3 -174.44 -338.6 -15.5 98.3139 -400.26 126 -126.14 -740.4 -71.4 68.862 -756.38 -50.8 -101.76 -115.52 2948.5
0.191 33.636 587.32 -63.7 17.444 402.7 41.6 -141.43 402.24 14 176.318 403.17 69.2 -345.34 302.3 -171.3 412.77 268.23 -99.8 -394.35 215.332 -456.2 464.05 186.488 -372.4 -2.06 206.577 157.2 -125.44 10.15 254.7 82.313 10.75 290.8 -179.29 -348.46 -22.8 99.108 -409.58 112.7 -132.17 -735.02 -75.6 66.493 -758.22 -51.9 -103.29 -118.88 2946.5
0.209 33.572 576.05 -84.8 20.782 400.66 33.8 -138.31 396.63 8 179.87 404.69 59.6 -349.71 321.65 -177 419.81 295.71 -96.1 -378.39 238.332 -460.3 449.06 210.453 -375.1 5.055 211.421 160.2 -114.73 19.55 269.7 93.3838 24.82 303.5 -175.05 -338.64 -7.3 109.012 -397.87 130.7 -128.99 -709.34 -58.6 75.21 -727.83 -34.3 -103.1 -138.98 2945
0.224 33.251 556.01 -79.6 20.577 377.6 35.7 -138.221 372.5 8.2 179.38 382.7 63.1 -354.801 317.3 -179 422.459 286.35 -93 -366.641 233.57 -461.7 434.089 201.707 -374.4 5.143 186.943 160.3 -114.131 -7.05 267 93.5445 -0.38 302.9 -189.921 -349.23 -24.9 95.2956 -416.8 115.9 -140.791 -722.46 -78.8 64.222 -749.07 -48.2 -99.589 -132.98 2938.5
0.237 34.156 544.09 -88.5 21.444 371.18 33.6 -137.58 366.4 7.3 180.466 375.97 60 -352.6 330.31 -186.4 435.03 301.86 -89 -351.52 245.918 -465 431.01 214.192 -370 5.464 184.461 164 -114.5 -5.39 277.2 93.4646 0.86 311.7 -196.98 -345.61 -15.8 91.807 -412.82 118.2 -146.52 -697.29 -61.8 61.952 -726.7 -31.6 -102.07 -147.16 2934.2
0.254 33.106 527.29 -99 26.502 362.18 33.4 -132.76 352.27 10.9 185.761 372.09 55.9 -352.65 336.98 -184.3 446.62 306.47 -88.4 -343.34 251.027 -461.6 426.57 215.798 -364.7 17.746 183.17 174.2 -95.01 -2.31 300.4 112.996 10.63 329.7 -185.33 -329.52 -7.1 110.656 -403.03 133.3 -126.4 -680.52 -46.3 82.084 -702.78 -17.9 -100.66 -153.51 2930.1
0.268 34.987 519.87 -104.8 27.581 357.78 31.5 -131.88 348.89 9.5 187.044 366.68 53.4 -350.49 348.07 -182.3 449.15 317.32 -95.3 -338.22 258.753 -460.2 424.91 219.552 -367.1 17.393 182.074 176.6 -96.93 0.56 307.5 111.341 12.17 336.2 -233.05 -259.06 -29.1 90.8357 -395.59 130.8 -147.59 -669.07 -56.7 60.089 -706.75 -23.5 -100.65 -165.83 2929.2
0.284 35.048 517.13 -110.6 26.745 356.26 28.1 -132.84 348.08 6.5 186.327 364.43 49.7 -349.02 351.24 -183.6 444.8 321.37 -98.7 -331.26 251.98 -457.1 420.31 215 -369.4 15.651 182.398 175.7 -99.73 3.2 309.1 108.841 13.88 337.4 -238.99 -201.75 -30.1 90.7849 -384.65 115.2 -146.76 -654.26 -58.4 59.103 -693.86 -28.9 -99.54 -170.12 2928.6
0.299 36.211 505.61 -112.5 25.577 347.05 28.1 -133.912 339.57 5.4 185.065 354.52 50.7 -349.952 347.35 -187.3 442.958 309.41 -94.3 -336.602 239.582 -457 419.368 202.291 -368.2 12.4 174.918 177.6 -105.042 -2.1 312.3 103.486 7.67 342 -243.192 -183.29 -29.7 88.139 -392.91 122.9 -152.582 -658.04 -58.8 54.653 -696.29 -24 -98.328 -165.29 2927.8
0.312 38.788 504.22 -114.6 27.061 344.78 25.2 -132.38 338.2 1.9 186.502 351.36 48.5 -349.6 331.59 -184.8 446.36 304.1 -96.3 -334.36 233.448 -457.4 423.07 195.026 -370.6 12.304 172.693 174.7 -106.7 -3.7 309 101.797 4.9 339.5 -240.55 -178.36 -35.7 90.798 -394.95 118.7 -149.24 -661.74 -64.3 55.878 -700.08 -32.3 -100.54 -164.05 2929
0.329 35.683 501.57 -103.1 25.347 339.03 31.3 -134.33 332.74 9.6 185.02 345.32 53.1 -350.53 332.73 -186.5 442.95 303.96 -88.7 -331.19 232.202 -456.1 422.09 192.868 -365.8 12.272 164.251 177.9 -105.21 -14.64 310.2 103.609 -6.41 338.6 -234.09 -182.92 -37.7 94.5669 -407.61 120 -144.93 -672.6 -62.5 61.464 -710.57 -32.9 -100.56 -164.45 2927.6
0.342 34.457 498.57 -106.2 24.811 336.89 30.5 -134.848 330.37 8.7 184.473 343.41 52.4 -350.608 336.01 -187.1 443.622 303.62 -91.8 -332.528 226.848 -457.2 422.552 187.523 -365.7 11.681 163.273 178.5 -105.848 -14.61 312.2 102.953 -6.08 340.7 -233.618 -168.02 -40.5 88.14 -405.15 118.6 -147.038 -663.86 -59.9 59.98 -697.38 -31 -99.932 -160.37 2926.7
0.352 37.456 494.88 -112.9 25.017 336.29 27.2 -134.6 331.69 4.6 184.635 340.89 49.8 -349.5 341.43 -191.1 447.13 306.22 -99.4 -335.57 226.244 -460.7 427.2 191.307 -369.8 8.735 164.87 177.3 -111.93 -9.56 312.7 96.8388 -3.54 342.2 -237.41 -156.82 -32.1 78.489 -407.42 129.5 -152.12 -658.75 -60.8 54.352 -698.67 -27.4 -100.77 -161.6 2929.9
0.36 34.583 493.52 -100.6 24.177 332.05 33.8 -135.45 326.47 11.4 183.798 337.62 56.1 -348.01 337.52 -188.5 451.31 307.41 -96.2 -343.63 227.125 -459.5 426.78 191.599 -361.6 9.966 156.421 179.1 -108.63 -22.85 309.8 100.135 -15.56 339 -226.07 -175.81 -42.3 86.33 -417.04 121.3 -142.43 -675.78 -69.7 66.835 -713.21 -38.8 -100.62 -157.1 2927.4
0.368 34.178 500.86 -97 23.571 331.52 32 -135.47 325.43 6.2 182.615 337.6 57.9 -348.76 324.9 -189.7 447.89 299.97 -99.1 -345.52 223.093 -463.6 429.7 179.415 -363.5 7.954 150.883 170.8 -111.69 -33.73 292.6 96.3649 -25.77 326.4 -231.02 -175.35 -54.3 80.608 -428.32 110.7 -150.2 -678.33 -82 59.72 -715.02 -46.8 -100.97 -145.27 2928.2
0.376 34.386 511.18 -105.5 24.651 341.42 26 -134.11 333.07 -0.9 183.414 349.77 52.9 -351.35 321.93 -189.2 443.97 298.97 -98.8 -349.24 228.489 -465.1 429.12 180.442 -364.1 10.689 160.371 164.5 -107.09 -26.13 285.5 100.55 -15.22 320.7 -224.82 -170.94 -46.2 87.209 -425.75 121.1 -142.41 -670.43 -74 67.034 -707.07 -42.4 -101.51 -143.61 2928.4
0.384 35.331 518.47 -100.1 23.774 346.11 25.8 -134.87 338.96 -2.2 182.421 353.26 53.8 -352.78 325.87 -190.2 441.38 296.41 -98.5 -353.79 231.675 -465.7 429.04 183.066 -362.8 8.184 162.664 161 -111.14 -25.46 277.9 96.3326 -16.11 314.5 -231.73 -179.63 -47.9 79.532 -432.56 128 -149.02 -681.87 -71.3 59.718 -721.73 -40.8 -100.65 -142.72 2929.8
0.392 27.548 518.88 -96.9 18.466 343.97 25.7 -140.42 337.22 -1.1 177.35 350.71 52.5 -355.65 318.68 -195.2 447.93 294.42 -95.4 -354.12 229.351 -471.7 428.25 178.843 -359.2 4.129 157.996 157.6 -114.1 -32.38 271.9 93.6887 -23.56 307 -230.89 -192.67 -55.2 81.53 -440.11 119.8 -149.04 -691.29 -70.9 60.707 -729.96 -42.9 -100.08 -137.59 2929
0.4 23.939 520.78 -85.2 15.795 339.45 27.8 -143.01 332.76 0.4 174.597 346.14 55.1 -360.64 308.25 -196.1 449.65 286.65 -89.2 -355.85 225.891 -475.8 427.3 176.105 -351.2 2.456 148.423 152.1 -114.73 -46.98 258.5 92.9587 -38.23 294.2 -230.32 -211.73 -72.7 79.663 -457.35 112.8 -148.89 -703.54 -77 64.215 -741.19 -44 -101.71 -131.22 2931.5
0.408 28.56 530.54 -90.9 17.491 349.21 25 -140.85 342.93 -4.8 175.835 355.49 54.9 -365.75 302.14 -189.1 449.39 271.83 -72.7 -345.75 222.28 -468.2 429.9 173.98 -340.4 1.49 158.678 149.9 -118.08 -35.96 255.3 89.039 -27.75 294.4 -230.54 -195.13 -72.8 76.798 -448.16 115.8 -148.33 -687.04 -66.4 60.708 -722.35 -36.5 -103.93 -122.13 2930.8
0.415 27.773 543.77 -86.9 14.968 359.21 22.7 -143.41 354.7 -7.4 173.343 363.73 52.7 -371.9 299.84 -180.9 455.16 274.68 -58.6 -342.5 216.16 -455.3 421.47 170.084 -322 -2.1 165.14 141.8 -122.74 -31.88 241.3 84.398 -25.98 280.6 -226.68 -219.96 -98.9 77.557 -450.94 113.1 -148.08 -701.91 -78.7 63.765 -739.62 -51.2 -101.95 -116.83 2935.7
0.423 26.436 546.28 -86.9 11.364 363.66 21.8 -146.83 360.04 -9.3 169.557 367.29 53 -373.02 292.54 -155.7 447.51 270.97 -35 -334.48 207.19 -430.5 412.21 170.983 -307.9 -7.05 167.958 138.2 -128.91 -30.12 234.1 77.983 -25.38 274.9 -230.18 -231.99 -100.4 72.009 -451.51 110.1 -151.37 -709.47 -74.3 59.779 -747.33 -47.2 -103.9 -106.04 2939.1
0.431 30.202 563.985 -84.7 12.973 379.535 21.4 -144.66 376.065 -12.4 170.609 383.015 55.2 -376.69 287.435 -125.9 442.08 276.195 -16.6 -325.24 203.365 -396.6 408.51 167.206 -289 -6.74 181.623 133.8 -129.54 -18.565 224 76.651 -14.015 268.2 -223.21 -237.215 -114.5 80.263 -442.545 109.9 -144.3 -704.945 -82 67.681 -747.475 -50.2 -104.24 -99.215 2939.6
0.439 29.366 580.955 -64.9 11.316 390.295 26.2 -146.69 390.985 -5.7 169.326 389.605 58.2 -377.99 273.415 -88.4 437.34 277.175 11.5 -314.09 193.825 -358.9 397.87 160.78 -253.9 -9.52 185.855 124.9 -133.72 -18.135 202.7 73.007 -19.035 244.5 -224.72 -249.765 -136 79.946 -446.765 84 -146.27 -726.135 -92.7 63.631 -771.715 -66.9 -104.12 -90.225 2944.1
0.447 32.739 594.855 -68.4 15.336 404.465 24 -142.64 404.515 -8.3 173.313 404.405 56.2 -367.48 258.495 -47.9 441.69 284.385 30.5 -302.18 187.075 -322.4 388.64 168.304 -228.4 -4.55 198.785 120.9 -127.72 -6.858 196.7 78.85 -6.932 238.9 -212.11 -245.175 -130.8 90.935 -437.105 85.4 -135.39 -724.365 -83.7 71.659 -760.195 -52 -107.07 -85.905 2947.3
0.455 32.278 610.198 -61.6 16.437 416.648 25.1 -141.36 415.348 -8.1 174.231 417.948 58.3 -364.25 260.488 -17.6 425.84 282.468 56.1 -300.61 174.217 -286.5 377.5 164.99 -208 -0.75 207.548 114.9 -121.12 -2.399 183 85.24 -0.701 226.5 -204.91 -255.482 -141.7 95.748 -430.972 72.9 -132.05 -733.072 -96.7 72.765 -770.622 -58.9 -106.49 -78.708 2951.8
0.463 30.721 622.256 -47.7 16.217 423.956 29.1 -141.82 423.446 -3 174.254 424.456 61.2 -353.29 268.406 9.5 418.25 278.836 76.9 -299.5 148.886 -247.3 362.81 152.524 -178 0.82 210.606 108.3 -117.93 -3.063 166.5 88.761 -2.401 208.4 -202.14 -262.894 -153.3 89.01 -436.124 65.2 -135.21 -743.184 -104.8 68.135 -784.364 -67.9 -107.13 -71.986 2956.6
0.471 29.61 639.893 -30.6 15.165 437.333 36.2 -143.26 439.353 6.3 173.589 435.313 66.1 -340.92 272.273 48.7 415.33 284.873 113.5 -300.95 123.872 -195.9 345.95 146.399 -134.4 -0.54 220.393 104.7 -119.85 4.77 153.5 87.38 2.129 192.7 -202.66 -262.627 -161.5 83.187 -435.337 61.6 -136.7 -740.777 -105.2 63.854 -783.187 -71.9 -106.38 -67.003 2959.8
0.489 32.051 655.643 -26.1 17.137 450.193 36.4 -141.46 453.523 7.4 175.728 446.863 65.4 -333.81 288.693 72.2 401.3 296.963 135.7 -296.23 105.694 -150.5 342.62 133.051 -98.2 1.5 230.753 96.7 -117.84 13.489 138.1 89.56 9.133 176 -197.45 -266.467 -165.8 84.311 -431.317 55.1 -129.97 -744.047 -109.1 67.725 -783.887 -74.7 -109.37 -62.543 2965.5
0.503 27.727 671.157 -14.4 16.477 463.887 39.8 -142.11 465.787 10.6 175.065 461.997 69 -310.93 301.547 105.5 386.14 309.187 153.6 -289.89 94.942 -106.1 328.96 121.269 -62.4 4.63 241.707 89.7 -110.92 20.764 120.6 96.485 18.291 158.8 -182.57 -271.763 -171.7 90.596 -425.003 48.8 -118.83 -748.053 -112.9 76.391 -783.253 -77.3 -108.14 -64.477 2970.9
0.516 27.177 683.907 -1.5 18.898 473.087 43.8 -140 474.507 16.3 177.793 471.677 71.3 -294.43 310.377 116.7 366.75 309.987 161.2 -278.58 73.132 -62.1 317.21 102.326 -38.4 9.93 248.807 84.1 -102.95 25.446 106.4 104.871 23.596 142.4 -173.35 -278.133 -170.5 88.392 -422.543 46.9 -113.47 -748.273 -114.1 75.056 -781.193 -80.7 -109.8 -59.667 2978.5
0.534 22.973 695.242 4.8 16.128 482.132 46.3 -142.83 483.352 19.1 175.082 480.912 73.6 -280.42 291.492 134.2 353.36 295.312 164.4 -275.17 41.473 -32.8 297.22 72.429 -9.6 8.374 256.762 81.5 -103.32 32.194 98.8 104.561 30.597 134.5 -159.4 -317.428 -152.1 82.22 -417.068 46.9 -113.33 -758.778 -110 65.304 -787.338 -81 -107.39 -54.162 2983.5
0.548 21.634 713.147 8.9 15.176 499.667 49.6 -143.87 500.627 22.9 174.223 498.717 76.4 -269.43 294.107 139.3 332.12 295.967 181.4 -265.33 24.912 5.7 284.86 58.4441 18.7 8.255 273.827 82.8 -102.67 48.606 98.4 105.341 47.357 133.3 -148.77 -331.583 -125.6 75.543 -401.123 52 -108.33 -761.523 -104.9 66.575 -784.083 -80.9 -107.64 -59.887 2985
0.561 14.906 721.953 7.1 10.776 507.383 48 -147.9 506.673 19.2 169.455 508.103 76.7 -266.62 287.793 146.7 304.21 277.613 187.5 -265.61 6.621 37.3 272.14 27.334 37.8 5.986 281.263 80.1 -102.58 54.6794 93.3 104.975 55.6129 130.9 -133.74 -340.797 -118.6 70.814 -391.937 45.7 -105.95 -772.087 -107.6 63.981 -788.357 -81.1 -104.96 -54.563 2991.2
0.569 11.475 738.622 30.7 8.886 521.672 58 -149.69 521.402 28.6 167.465 521.952 87.3 -259.5 285.332 147.3 293.98 284.732 197.3 -263.61 -6.256 70.7 260.06 23.799 62.7 5.59 294.422 77.9 -101.4 66.991 78.7 105.993 67.353 117.1 -125.71 -338.548 -122 67.328 -379.808 31.3 -107.72 -777.158 -120.6 60.838 -786.948 -96.4 -105.62 -55.712 2992.7
0.577 9.211 750.674 43.7 6.92 536.564 63.7 -151.62 536.954 34.1 165.456 536.174 93.3 -248.81 295.104 143.1 277.3 296.844 201.1 -256 -2.641 91.2 261.5 22.362 94 3.78 308.744 77.5 -103.03 81.189 72 104.313 80.677 110.7 -120.07 -339.976 -95.5 62.903 -367.966 34.9 -107.95 -776.616 -110.3 60.834 -780.576 -89.3 -107.68 -66.604 2993.3
0.584 7.83 758.278 50.9 5.03 541.738 67.6 -153.7 542.878 39 163.756 540.598 96.1 -238.75 287.258 133.2 269.39 295.508 203.4 -249.81 -14.066 108.6 262.34 12.577 116.7 1.45 313.648 78.4 -105.93 86.312 70.5 101.674 84.819 107.8 -107.92 -343.752 -76.6 59.178 -365.152 41 -108.69 -774.542 -104.7 61.483 -777.062 -82.7 -109.06 -62.418 2992.9
0.592 7.41 778.312 68.6 4.65 561.272 76.3 -154.03 563.822 47.5 163.321 558.722 105 -232.93 306.872 125.4 253.17 309.412 189.6 -245.5 3.86 119.4 257.67 19.252 133.9 0.63 333.042 78.2 -107.16 106.477 61.3 100.371 103.137 98.9 -100.61 -330.038 -68 50.592 -347.548 43.8 -106.9 -763.048 -111.5 66.491 -768.168 -87.6 -109.68 -75.912 2990.1
0.599 4.29 782.231 77.1 2.89 564.911 79.4 -155.62 567.061 49.7 161.401 562.751 109 -224.07 309.271 112.4 239.82 297.651 177.8 -241.78 6.428 125.7 242.53 3.459 140.4 0.55 336.641 75.3 -105.45 109.781 51.8 101.86 106.961 90.7 -85.5 -333.379 -49.7 44.04 -344.439 69.3 -101.48 -766.099 -106.3 71.029 -770.719 -86.2 -112.38 -76.691 2989.5
0.607 0.42 785.371 82.6 -1.29 567.791 80.8 -160.51 569.811 55.6 157.933 565.761 106.1 -220.45 295.891 104.4 234.39 299.191 176.5 -234.95 -14.775 103.2 232.94 3.223 145.4 -2.97 339.531 73.1 -108.81 112.602 48.9 99.51 109.953 81.9 -78.59 -334.579 -32.2 40.86 -342.149 80.2 -105.43 -765.649 -98.8 68.94 -773.039 -89.7 -114.33 -81.561 2988.5
0.615 2.63 790.34 82.9 0.31 573.49 81.7 -158.59 576.58 54.6 159.219 570.4 108.9 -216.9 289.32 94.1 233.16 301.13 173.4 -231.64 -29.57 102.4 228 3.969 150.4 -2.68 345.21 73.2 -109.57 118.959 47 98.233 114.917 82.5 -69.09 -330.74 -14.9 39.916 -337.51 93.4 -100.14 -762.14 -93.6 73.098 -768.86 -81.1 -116.48 -83.66 2989.4
0.623 0.54 785.839 85.4 0.01 568.279 82.6 -158.72 569.899 54.2 158.729 566.669 111 -223.98 279.209 77.5 233.47 301.469 181.2 -230.07 -18.661 100.8 220.71 5.009 150.9 -0.5 340.039 72.4 -104.79 112.858 43.6 102.783 110.741 80.8 -57.92 -338.561 -0.7 49.146 -342.601 92.4 -92.07 -774.471 -92.3 81.016 -776.711 -84.2 -118.71 -84.499 2989.6
0.631 2.42 785.405 88.9 1.85 566.985 84.3 -156.9 569.005 56 160.606 564.975 112.6 -218.44 276.795 67.5 227.72 299.185 168.1 -224.44 -20.145 100.6 216.159 1.64 151 1.22 338.855 71.6 -103.21 112.048 40.4 104.397 109.411 77.4 -60.8 -340.975 4.3 42.238 -343.035 84.1 -94.38 -766.835 -94.7 79.81 -774.425 -84.6 -121.55 -82.695 2989.4
0.639 3.75 791.645 100.5 2.41 573.615 91.3 -156.7 576.235 65.2 161.526 570.995 117.4 -205.71 281.675 77 227.29 302.965 164.9 -210.39 -15.615 107 215.941 4.937 152 1.57 345.855 73.6 -103.33 119.809 38.8 104.786 116.384 73 -59.19 -333.945 13.2 44.032 -336.085 88.8 -94.89 -757.305 -94.8 80.176 -767.625 -86.1 -124.95 -84.525 2987.9
0.646 2.11 794.196 104.7 -0.72 577.206 93 -160.07 581.356 68.6 158.635 573.056 117.4 -199.03 285.276 79.7 221.158 309.306 160.9 -202.64 -12.312 106.8 214.666 11.044 147.4 -3.55 349.656 72.8 -110.59 124.824 36.6 97.836 119.398 68.4 -57.94 -328.524 22.9 39.402 -332.644 97.6 -103.45 -760.324 -93.6 77.661 -769.624 -85.1 -125.21 -86.676 2989.3
0.654 0.29 797.446 108.5 -2.84 580.276 95.3 -162.44 585.026 72.7 156.767 575.516 117.8 -193.39 287.956 82.6 218.392 309.596 156.3 -196.15 -9.868 107.1 214.09 11.054 151.3 -6.5 352.876 73.3 -114.52 128.587 36.5 94.216 122.373 66 -57.03 -324.244 19.4 47.81 -330.604 101 -98.79 -759.484 -94.6 81.432 -767.934 -81.5 -125.31 -88.646 2989.3
0.662 -5.18 790.975 110 -6.37 573.675 94.5 -166.28 577.425 74 153.538 569.925 115 -190.87 279.725 82.6 211.149 303.475 151.6 -192.96 -18.285 104.7 215.1 4.906 149.7 -8.69 346.405 70.9 -115.58 121.596 34 93.572 116.687 60.8 -53.4 -330.765 17.9 47.319 -335.715 103.9 -93.76 -765.805 -96.5 84.093 -775.835 -87 -126.71 -88.055 2989.7
0.67 -10.63 794.381 111.4 -10.15 577.531 94.6 -170.16 580.171 74.7 149.863 574.891 114.5 -189.71 282.051 81.9 212.838 300.661 151.1 -191.27 -16.119 101.9 214.404 1.96 149.1 -10.93 350.271 70.7 -116.35 124.738 33.9 92.919 121.287 59.9 -50.3 -327.179 19.4 48.24 -330.829 108.3 -93.06 -756.529 -93.1 86.784 -765.749 -81.8 -127.26 -93.641 2990.7
0.678 -12.87 788.948 111 -11.23 572.398 95.6 -171.43 574.288 77.2 148.975 570.498 114 -186.99 275.908 83.3 209.978 298.458 149.6 -188.13 -22.382 101.3 215.026 -0.239 150.6 -11.31 345.018 72.9 -116.15 118.878 38.1 93.384 116.401 62.1 -45.78 -332.412 23.4 48.096 -334.652 119.2 -90.03 -762.082 -89.1 86.586 -769.442 -83.1 -127.75 -89.988 2989.8
0.686 -10.43 789.052 109.5 -11.59 571.602 94.8 -172.11 574.832 80 148.932 568.372 109.6 -184.49 276.292 85 205.033 292.202 147 -185.3 -22.108 101.2 216.259 -6.312 148.8 -14.12 344.192 72.6 -121.64 118.897 40.7 88.347 114.671 60 -53.15 -332.558 22.1 37.66 -335.888 116.7 -93.5 -760.428 -90 82.642 -773.838 -88.2 -128.23 -86.692 2992.2
0.694 -8.41 791.27 108.4 -11.43 573.45 95.1 -171.86 577.45 79.3 148.992 569.45 111 -181.73 278.8 83.4 201.7 292.4 146 -182.29 -19.68 98.1 221.624 -5.546 143.1 -15.07 345.91 74.5 -123.61 120.978 43.5 86.186 115.746 64.2 -48.62 -329.57 29.6 42.566 -336.23 114.9 -91.64 -759.95 -90.3 86.05 -776.28 -84.7 -129.72 -86.58 2991.7
0.701 -10.79 791.795 106.6 -13.93 573.345 92.9 -174.36 577.585 77 146.491 569.095 108.9 -196.7 273.515 83.9 199.2 294.215 141.9 -197.81 -50.545 96.7 219.041 -3.836 138.5 -17.85 345.845 71.8 -126.66 121.116 40.2 83.139 115.568 61 -47.06 -328.375 19.9 42.578 -336.895 110.5 -89.75 -763.135 -95.5 86.642 -775.625 -86.2 -128.92 -88.525 2993.8
0.709 -11.39 796.171 108.5 -13.63 577.411 94.1 -174.24 580.581 80 146.989 574.241 108.2 -203.06 287.251 88 199.918 296.781 142.5 -203.87 -37.079 91.7 219.899 -1.281 137.2 -16.25 349.901 72.8 -123.92 124.469 42.3 86.16 120.319 60.7 -43.21 -324.789 20.2 49.708 -332.839 107 -86.55 -757.549 -90.9 92.417 -768.239 -89.3 -130.45 -93.451 2993.5
0.717 -11.77 794.966 105.2 -13.35 577.136 93.1 -173.65 579.946 75.9 146.942 574.316 110.4 -207.52 285.276 85.6 197.608 290.026 141 -207.8 -39.894 82 221.917 -7.731 136.8 -15.25 349.466 73.6 -121.98 123.633 42.8 87.697 119.954 65.3 -43.52 -326.024 20.2 52.36 -333.074 114.1 -86.73 -754.094 -93.1 93.236 -769.174 -83.5 -129.2 -88.346 2995.1
0.73 -8.92 788.998 92.1 -10.75 570.568 87.8 -170.99 572.968 69.8 149.494 568.168 105.7 -207.88 288.378 82.4 197.052 288.828 137.5 -207.6 -37.112 73.2 223.289 -8.802 135 -12.74 342.508 75.1 -119.51 116.024 50.6 90.046 112.887 74.1 -44.31 -334.202 28.1 55.107 -340.862 115.4 -85.88 -770.112 -89.3 91.701 -782.862 -82.6 -129.42 -84.798 2995.3
0.748 -9.83 791.405 86.2 -11.04 572.295 83.9 -171.73 573.435 71.4 149.652 571.145 96.3 -212.51 294.265 82.6 204.857 295.915 141.2 -212 -31.335 70.4 225.342 -1.727 128.8 -11.92 344.045 74.2 -117.94 116.556 56.4 92.345 115.058 72.7 -43.52 -332.845 21.5 56.722 -339.125 108.4 -90.25 -766.085 -93.6 90.79 -775.605 -90.9 -130.27 -90.655 2996.3
