0 7.21 756.569 76.6 1.12 536.969 68.9 -160.198 541.869 69.7 162.45 532.059 68 -216.16 240.099 54 231.28 230.569 61.8 -216.44 -57.708 -14.8 207.87 -89.46 -9.8 -5.89 308.879 54.2 -118.404 83.999 40.1 92.6 77.579 39 -15.787 -361.651 47.5 34.73 -375.521 58.3 -74.208 -790.241 -76.9 55.17 -774.591 -80.3 113.97 39.661 2832.5
0.008 9.68 760.528 84.1 1.36 540.178 73.7 -159.881 546.468 76.6 162.61 533.888 70.9 -219.13 221.358 50.7 231.41 213.158 57.7 -230.03 -77.075 -13.6 211.49 -107.026 -14.7 -7.83 312.288 57.2 -122.464 88.518 42.5 88.44 80.288 38.7 -21.195 -357.502 44.6 29.25 -372.932 52.7 -81.006 -779.392 -74 48.57 -768.832 -87.8 114.94 48.462 2833.3
0.017 6.97 752.991 88.6 -4.39 533.981 76.4 -165.477 542.491 81 156.7 525.471 71.7 -225.87 207.641 48.1 239.76 217.971 61.1 -243.86 -96.255 0.4 229.93 -96.532 -31.8 -16.915 306.311 59.1 -134.794 84.201 44.9 75.91 73.071 38.8 -21.823 -358.759 52.8 13.76 -379.659 56.8 -90.251 -795.889 -75.9 38.9 -786.119 -87.3 115.28 54.279 2832.4
0.024 5.44 746.838 83 -8.52 527.548 77.9 -169.483 538.278 82.4 152.45 516.818 73.4 -248.5 194.718 40.5 245.32 207.378 48.9 -270.97 -112.405 -9.2 264.46 -101.604 -55.9 -24.023 299.768 66.4 -144.79 78.998 57.8 65.73 64.968 51.9 -24.805 -361.822 48.6 17.77 -389.372 68.4 -89.269 -804.542 -66 41.23 -795.112 -76.4 118.2 60.242 2828.8
0.032 6.92 738.149 83.6 -8.35 518.449 81.6 -169.226 529.919 87.5 152.53 506.979 75.7 -263.78 192.969 32.5 257.12 191.819 30.8 -309.79 -116.249 -22 315.44 -104.984 -95 -24.885 290.559 73.6 -146.625 70.159 69.4 63.78 55.169 61.7 -22.506 -368.071 37.4 15.54 -399.361 64.4 -84.02 -813.601 -63.4 46.19 -801.401 -76.1 119.15 63.501 2824.1
0.04 9.15 724.671 76.9 -7.34 505.801 84.1 -168.224 518.031 87.6 153.55 493.561 80.7 -278.91 195.751 28.1 279.54 179.091 12.2 -353.42 -103.063 -55.9 373.72 -90.92 -149.5 -24.682 277.901 83.5 -147.244 58.011 85.1 63.19 42.011 80.5 -25.349 -377.409 25 20.67 -413.069 73.4 -85.772 -818.919 -58 46.41 -806.329 -62.8 119.04 68.029 2817.7
0.049 11.51 709.322 64.7 -5.37 492.392 84.7 -166.138 505.632 89.9 155.4 479.162 79.6 -295.01 211.842 24.5 306.21 183.092 -5.5 -401.02 -71.4744 -82.1 427.4 -55.43 -192.6 -23.793 264.932 94.3 -147.346 46.132 107.2 62.92 28.822 100.5 -35.787 -385.578 14.3 22.81 -425.428 73.3 -86.094 -820.518 -51.4 46.32 -812.088 -58 119.13 72.508 2811.9
0.056 14.79 701.509 50.6 -2.03 487.659 85.6 -162.747 501.789 90.1 158.7 473.539 81 -317.41 236.399 21.8 331.19 207.979 -21.8 -452.1 -13.819 -124.7 478.68 16.604 -236.6 -21.215 261.629 109.5 -145.501 44.829 136.4 64.69 26.361 130.4 -56.313 -378.821 0.4 24.13 -425.881 82 -84.31 -810.641 -44.6 50.41 -808.371 -46.1 119.95 66.301 2805
0.065 22.03 676.676 35.8 5.97 467.976 83.2 -154.568 483.336 89.5 166.51 452.616 76.9 -326.45 251.656 20.6 357.86 220.056 -37.2 -489.59 42.446 -152.7 518.39 85.776 -277.4 -13.97 244.036 120.9 -138.9 30.136 162.8 71.08 10.043 154.6 -95.029 -377.414 -23.5 48.89 -437.864 74.5 -86.328 -814.904 -48 51.34 -814.834 -44.5 118.3 71.134 2799.8
0.072 28.89 656.988 21.4 14.06 453.028 82.5 -146.16 470.108 91.5 174.28 435.948 73.6 -335.14 276.208 20.1 385.02 247.578 -47.4 -511.34 99.228 -172.2 550.98 162.058 -304.7 -6.53 232.268 135 -131.915 22.675 193.4 77.66 0.336 181.7 -130.837 -357.142 -44.3 64.16 -440.152 68 -90.899 -804.572 -52.5 49.66 -812.912 -37.1 115.2 63.102 2791.2
0.08 31.01 635.466 -0.8 14.29 438.596 78.9 -145.837 456.926 87.4 174.42 420.256 70.5 -354.25 285.936 20.3 395.33 265.576 -51 -540.21 141.106 -186.9 563.22 239.516 -318.7 -6.58 223.526 150 -132.145 20.459 226.6 77.26 -3.519 215.5 -165.475 -336.914 -44.3 66.97 -432.474 65.2 -107.372 -777.864 -61.6 40.96 -797.934 -21.1 119.27 59.254 2782.4
0.089 38.65 602.373 -16.1 22.4 411.713 77 -137.743 430.783 83.1 182.55 392.653 70.9 -358.65 287.833 29.7 415.62 271.993 -55.5 -550.81 177.563 -192.8 573.31 309.743 -324.8 0.7 202.033 162.7 -125.739 4.81 252.3 83.72 -20.124 244.4 -192.785 -308.997 -60.6 78.87 -435.727 60.3 -127.307 -764.177 -79 44.96 -807.377 -20 114.57 60.367 2772.2
0.103 49.8 575.752 -22.6 31.59 387.542 76.9 -128.57 407.082 80.4 191.75 368.002 73.4 -359.88 289.182 30.5 428.24 289.152 -64.7 -566.03 209.992 -191.2 566.26 385.782 -325.1 8.52 181.402 171.4 -119.297 -11.955 268.2 90.18 -37.517 263.6 -225.49 -281.648 -92.8 89.53 -436.648 46.3 -152.253 -736.738 -95 48.88 -811.098 -20.7 109.28 48.488 2765.5
0.11 61.18 538.411 -42.9 39.82 357.281 70.3 -120.247 377.811 71.3 199.89 336.751 69.4 -366.04 282.701 32.4 441.5 295.531 -71.7 -577.32 218.591 -187.7 542.44 449.401 -310.6 14.88 157.711 177.5 -114.734 -28.443 285.2 94.62 -55.2913 283.9 -244.83 -246.709 -101.7 90.78 -434.079 33.2 -184.211 -699.759 -100.3 51.22 -797.479 -14.5 105.67 46.729 2759.6
0.119 74.777 517.471 -60.9 53.027 340.661 61.6 -107.01 361.541 61.1 213.067 319.781 62.2 -360.913 283.041 34.4 458.347 315.371 -70.6 -578.243 228.091 -178.6 509.887 516.151 -280.6 27.327 146.701 178.7 -103.019 -33.6044 295.4 106.277 -60.912 296.1 -254.423 -222.719 -109 97.957 -426.749 25.4 -207.613 -677.749 -104.3 62.587 -782.529 -18.1 96.193 32.729 2755.1
0.135 90.278 502.84 -68.1 69.058 326.71 56.9 -91.1585 346 54.7 229.278 307.42 59.1 -358.662 279.75 30.8 473.968 336.89 -70.7 -580.612 227.02 -175.2 465.148 569.81 -239.5 44.308 134.81 178.1 -85.2205 -44.475 297.9 124.338 -69.704 300.7 -252.572 -211.01 -109.5 106.928 -420 10 -231.672 -665.52 -113.1 78.698 -773.15 -23.4 85.772 15.16 2751
0.149 107.647 495.696 -72 85.707 318.957 50.2 -74.4556 338.686 47.3 245.877 299.226 53.2 -351.433 269.686 24.7 490.887 355.246 -64.6 -586.253 216.447 -164.7 417.977 591.567 -202.2 59.847 127.297 172 -70.7524 -51.4645 291.7 138.717 -77.2655 295.6 -255.363 -193.853 -111.6 108.817 -421.864 -1.9 -266.413 -648.604 -121.9 84.557 -752.053 -30.5 73.493 -3.2365 2748.7
0.16 118.206 490.842 -73.3 99.386 311.532 45.2 -61.1341 327.732 41.8 259.916 295.332 48.6 -339.524 258.802 23.2 500.636 360.582 -57.4 -586.744 191.712 -143.2 367.566 585.842 -158.6 77.396 118.602 165.8 -49.593 -63.74 284.2 160.396 -84.928 288.6 -246.864 -197.388 -94 125.916 -427.488 -11.7 -292.884 -643.758 -126.2 101.646 -734.088 -29.5 64.064 -17.562 2746.5
0.168 127.846 487.174 -73.5 110.866 306.154 42.4 -49.8204 318.894 35.7 271.546 293.404 49.1 -327.924 251.014 18 504.656 364.894 -45.3 -583.374 169.844 -123.4 342.026 577.824 -140.3 90.526 113.452 163.8 -34.914 -70.906 280.8 175.306 -87.586 289.5 -256.384 -250.706 -64.7 126.766 -423.646 -16.1 -334.194 -641.976 -125.3 103.086 -714.936 -19.9 56.684 -33.374 2744.4
0.176 135.277 494.794 -71.4 119.357 310.574 40.4 -41.3977 320.944 31.4 280.117 300.214 49.3 -315.973 238.114 9.5 516.817 363.584 -29.2 -578.363 146.327 -106.9 330.597 556.424 -137.9 100.197 116.272 159.4 -24.087 -71.256 272.5 186.147 -84.816 284.2 -266.083 -277.986 -46.6 124.157 -355.156 -59.5 -374.773 -636.666 -143.4 106.317 -692.796 -23.4 49.383 -49.804 2741.2
0.193 144.277 496.286 -70 127.997 311.196 38.8 -32.5425 320.476 25.8 288.537 301.926 51.7 -307.473 234.496 0.2 530.927 357.246 -11.1 -570.673 125.04 -92.5 340.497 528.326 -149.8 107.227 116.553 157 -18.546 -72.024 266.8 191.437 -84.164 283.7 -276.093 -305.404 -22.3 119.857 -308.184 -53.7 -411.303 -638.834 -153.4 108.437 -673.504 -16.6 39.183 -67.856 2741.1
0.208 152.41 509.747 -73 134.66 322.647 33.2 -25.7028 330.987 17.5 295.03 314.297 48.9 -299.32 230.407 -7.7 544.38 362.797 -5.9 -564.47 110.374 -79 357.71 503.547 -169.6 113.02 127.498 150.4 -13.479 -62.193 257.4 196.24 -73.103 278 -275.54 -319.803 -8.3 122.09 -266.893 -68.7 -429.87 -614.733 -169.6 120.38 -645.553 -24.2 30.19 -89.097 2742.9
0.221 153.705 519.582 -73 137.805 328.292 30.2 -22.5291 333.932 13 298.145 322.662 47.4 -293.245 223.482 -14.1 541.115 374.202 11.3 -557.275 93.9425 -68.6 397.095 485.772 -193 118.565 131.546 145.1 -5.52 -61.518 248.8 204.175 -68.888 271.3 -266.765 -344.298 8 128.465 -246.078 -75.5 -439.105 -607.948 -178.1 130.105 -631.908 -26.8 23.195 -97.832 2742.7
0.239 148.043 522.48 -82.6 134.393 333.84 25.5 -25.6514 335.27 5.4 294.443 332.41 45.5 -296.327 214.32 -18 535.333 386.62 22.3 -561.157 78.868 -55.2 424.553 489.07 -210.9 117.683 139.572 144.9 -3.723 -53.76 251.1 205.663 -55.63 277.4 -261.357 -360.54 36.8 124.633 -226.61 -65.7 -453.357 -598.28 -169.7 132.453 -614.03 -13.3 23.237 -109.44 2742.3
0.254 145.234 514.63 -87.6 133.254 327.32 22 -26.5089 325.67 -0.2 293.014 328.97 44.3 -294.936 201.517 -25 533.894 386.65 24.6 -563.106 65.155 -46.4 437.574 498.31 -214.7 118.384 133.792 142.9 -0.961 -60.81 249.2 207.974 -58.66 278.4 -251.306 -388.63 57.7 120.344 -228.98 -76.8 -465.916 -605.55 -178.9 134.754 -617.68 -15.6 21.376 -110.06 2742.2
0.267 143.551 513.71 -83.7 132.071 324.28 23 -27.471 320.6 -0.8 291.621 327.97 46.8 -297.849 194.04 -25.7 537.561 387.12 23.1 -561.169 43.742 -40.7 434.601 507.81 -209.6 118.571 130.437 143.6 0.76 -65.82 248.6 209.391 -61 279.7 -247.849 -403.97 70.9 115.161 -225.49 -79.1 -475.829 -605.43 -180.2 135.371 -617.35 -15.5 17.569 -110.81 2738.3
0.282 143.752 498.3 -95.4 131.142 314.17 18.5 -28.042 309.06 -7.4 290.322 319.27 44.5 -295.558 181.693 -27.7 524.142 386.67 26.7 -559.378 30.148 -43.9 409.122 518.52 -194.8 116.732 123.789 144.3 -1.768 -69.93 253.1 206.402 -63.25 287 -252.918 -409.61 79.9 112.992 -224.05 -70.1 -486.168 -604.54 -177.5 132.602 -614.48 -8.3 14.368 -109.55 2738.5
0.289 143.084 497.22 -88 132.285 310.5 21.2 -26.7935 304.27 -5.3 291.355 316.74 47.7 -291.205 175.41 -26.4 533.184 360.56 37.2 -555.966 26.699 -48.7 386.375 514.61 -155 119.264 118.425 144.5 2.2245 -77.73 250.5 210.245 -69.58 285.2 -245.085 -414.41 65.6 123.794 -230.6 -76.9 -482.856 -610.35 -189.9 142.105 -620.81 -16 8.6155 -109.84 2735.8
0.298 139.943 496.63 -83.4 133.803 308.44 23.4 -25.0352 299.75 -3.8 292.643 317.13 50.6 -285.587 176.987 -24.9 538.763 354.14 39.2 -548.867 28.454 -47.9 362.673 517.94 -122.4 123.783 114.455 144 9.8758 -85.21 246.8 217.633 -73.85 282.3 -240.157 -416.04 54.7 132.903 -225.84 -71.9 -476.207 -609.2 -192 151.563 -619.45 -14 1.8072 -115.7 2734.6
0.306 130.042 500.25 -81.8 127.222 310.06 23.1 -31.252 298.44 -5 285.692 321.69 51.3 -285.388 175.03 -23.3 533.732 355.76 30.7 -546.228 27.682 -51.5 334.452 519.85 -107 120.282 115.281 142.7 9.69605 -87.1 243.8 216.982 -71.9 280.7 -246.408 -410.37 46.7 132.612 -213.06 -71 -477.138 -596.98 -191.3 148.932 -606.86 -14.5 0.50795 -116.88 2733.7
0.323 125.728 501.96 -81.5 124.328 311.61 21 -34.0042 298.12 -7.2 282.648 325.1 49.2 -288.222 181.558 -26.1 532.928 364.14 17.6 -544.282 31.033 -52 317.778 527.62 -100.2 120.098 115.49 138.5 12.3478 -89.45 237.5 219.408 -71.81 274.4 -245.062 -417.36 49.9 139.448 -213.9 -74.8 -472.952 -597.38 -192.4 153.118 -606.3 -19 -1.7178 -121.48 2735.3
0.335 118.635 499.28 -85.4 118.195 308.01 18.6 -40.161 293.81 -9.1 276.565 322.21 46.4 -301.405 173.199 -26.5 536.285 360.28 24.3 -558.215 24.968 -57.6 317.585 519.52 -97.9 115.135 111.982 136.4 8.5282 -93.33 236 215.625 -74.76 272.3 -253.415 -421.41 54.8 137.685 -213.41 -71.4 -478.145 -594.86 -191.1 150.515 -603.61 -16.1 -2.075 -113.67 2735.1
0.343 110.9 497.11 -81.5 111.01 303.66 18.8 -47.3498 289.06 -8.8 269.38 318.26 46.4 -312.41 161.617 -26.8 521.43 368.66 18.1 -572.45 17.82 -55.4 303.36 526 -106 109.31 105.729 133.3 4.05407 -101.75 229.8 211.17 -82.66 265.9 -254.18 -433.39 49.6 139 -227.19 -74 -475.9 -606.48 -191.9 151.41 -618.29 -19.8 0.16983 -103.85 2734.1
0.352 98.9957 497.507 -82.6 99.9857 303.217 16.8 -58.7833 289.027 -8.4 258.766 317.407 42.1 -317.794 153.967 -25.1 508.136 372.467 16.9 -579.354 20.621 -66.4 296.866 524.877 -123.5 99.7557 104.407 129.8 -4.31186 -103.683 226.3 203.366 -85.123 259.4 -263.444 -437.203 50.9 136.716 -233.103 -73.8 -475.284 -607.953 -181.4 146.426 -619.653 -19.2 3.6543 -93.577 2733.7
0.359 91.4104 502.663 -82.5 93.6324 306.883 16.6 -65.4436 293.003 -6.9 252.706 320.763 40.1 -323.894 158.657 -24.5 502.066 388.883 13.5 -581.704 24.451 -74 303.166 533.923 -150.9 94.7464 106.784 127.3 -8.1677 -102.387 222.6 199.886 -84.237 253.4 -261.184 -441.337 48.8 139.736 -237.777 -72.3 -461.884 -614.557 -170.8 146.596 -625.047 -19 5.8136 -89.953 2734.8
0.368 81.328 504.741 -86.6 86.578 309.121 13.1 -72.649 292.961 -7.5 245.807 325.281 33.8 -331.863 153.157 -23.9 490.127 401.261 6.6 -586.853 14.642 -80.8 315.757 530.891 -187 92.557 109.075 123.7 -5.6198 -101.539 220.8 202.677 -80.409 247.8 -255.273 -440.649 42.3 147.417 -239.349 -71.7 -441.933 -619.399 -163.4 151.347 -623.479 -19.6 10.313 -73.811 2737
0.376 70.131 514.777 -89 80.884 320.567 11.2 -78.363 301.977 -7 240.133 339.147 29.4 -333.697 159.691 -18.4 484.293 426.247 -2.2 -589.807 28.976 -84.4 335.113 530.467 -221.2 91.423 121.149 122.5 -2.191 -90.423 221.9 206.103 -66.113 245.8 -247.197 -436.413 50.6 149.363 -241.953 -59.1 -427.737 -628.653 -155.7 148.323 -632.523 -15.1 12.427 -70.027 2739.5
0.384 59.994 500.772 -92.6 77.223 311.382 11.4 -81.49 287.952 -5.4 235.936 334.812 28.2 -342.754 161.002 -19.2 474.736 447.302 -15 -593.214 26.712 -98.2 357.316 518.122 -264.2 94.066 114.693 126.6 7.09 -97.328 230.7 214.736 -66.668 252.7 -237.474 -444.258 60.5 156.826 -260.548 -47.1 -395.574 -653.668 -143.6 153.306 -650.338 -6.6 16.604 -57.172 2745.2
0.401 46.029 503.6 -98.7 66.959 314.8 7.8 -91.559 288.93 -7.5 225.477 340.67 23 -352.863 160.95 -11.8 465.887 459.11 -25.2 -601.433 28.31 -102.8 386.777 501.77 -297.4 87.677 119.099 124.1 4.761 -93.52 230.4 212.047 -59.69 250.4 -245.793 -432.02 52.4 143.067 -258.85 -57.8 -376.153 -660.43 -143.6 136.807 -652.74 -22.1 21.283 -45.04 2750.3
0.411 35.516 501.268 -101.2 63.872 315.368 9 -93.837 284.048 -3.3 221.586 346.688 21.3 -355.654 161.778 1.9 459.716 469.368 -30.7 -597.624 32.1815 -110.4 412.056 485.308 -314.1 93.146 121.675 126.6 19.231 -92.512 236.2 225.606 -51.527 252.3 -219.974 -430.842 43.5 156.416 -256.302 -41 -317.384 -682.162 -121 150.286 -660.752 -21.6 20.864 -33.328 2751.8
0.419 21.074 504.446 -96.5 54.226 319.126 9.9 -103.246 285.676 -0.4 211.699 352.566 20.2 -368.591 162.716 3.8 454.099 474.996 -39.6 -603.881 35.353 -122.1 424.929 471.666 -328.7 87.789 125.276 126.2 18.417 -90.444 235.8 224.309 -46.71 249.3 -220.571 -419.754 28.1 140.469 -265.094 -37.6 -273.021 -695.724 -104.4 135.909 -677.324 -29.4 27.191 -23.486 2755.6
0.427 3.731 502.025 -91.7 38.962 317.205 13.1 -118.646 283.515 5.6 196.572 350.895 20.6 -391.278 161.715 8.2 434.072 491.345 -49.5 -614.408 36.769 -145.5 429.922 457.815 -337 74.942 123.165 128.5 7.875 -92.915 239 213.972 -48.854 248.9 -218.458 -419.885 14.6 123.232 -274.295 -27.4 -227.338 -713.025 -81.5 120.952 -696.405 -28.9 33.068 -14.105 2758
0.435 -11.321 500.9 -93.7 26.489 317.61 12.6 -130.847 282.23 6.9 183.823 352.98 18.2 -397.787 168.77 17.4 410.393 505.58 -60 -614.437 42.1529 -145.6 434.613 446.34 -339.6 65.963 123.7 127.1 2.566 -93.3371 237.9 208.323 -47.0741 245.3 -190.487 -433.59 4.5 120.663 -274.93 -28.7 -168.677 -718.83 -61.7 120.523 -703.98 -32.4 36.677 -5.4699 2761.2
0.443 -27.388 495.165 -96.2 15.278 314.385 11.3 -141.229 275.365 7.6 171.781 353.395 15 -411.659 173.285 22 390.431 508.695 -57.7 -611.359 41.4694 -157.3 438.621 432.265 -336.1 60.475 122.075 126.3 3.31 -95.7576 238.9 208.031 -44.7176 243.8 -165.409 -450.265 7.7 121.231 -279.075 -25.8 -115.074 -733.695 -33 123.661 -708.605 -32.2 38.599 8.3646 2763.8
0.457 -42.6594 491.703 -106.3 5.959 319.333 10 -148.946 274.583 7.1 160.864 364.083 13 -419.986 187.413 30 379.044 518.143 -59.2 -605.956 57.9651 -166.1 429.394 427.313 -331.7 57.791 131.923 130 8.279 -84.7669 247.9 210.974 -26.2169 251.8 -143.186 -450.087 20.8 134.704 -333.187 -6.3 -73.22 -734.257 -6.7 127.174 -706.077 -26 40.416 6.9169 2765.9
0.468 -54.034 497.725 -111.6 -0.831 327.475 7.5 -154.831 279.505 5.6 153.169 375.435 9.5 -421.471 193.855 31.7 367.039 519.725 -51.8 -594.661 63.2284 -175.3 413.619 419.545 -322.8 55.244 142.545 129.5 10.635 -73.7316 250.3 211.999 -11.0125 252.8 -133.305 -435.195 11.5 143.539 -347.315 -10.3 -52.339 -730.855 -3.6 124.119 -713.315 -34.6 38.681 7.3146 2766.7
0.484 -65.994 498.126 -113.1 -8.602 331.966 8.1 -161.441 280.366 7 144.229 383.576 9.3 -428.191 207.656 37.2 359.059 535.596 -54.5 -573.171 73.7532 -186.3 391.039 420.376 -314.4 52.239 149.016 130.9 13.14 -67.6878 252.9 213.019 -0.1973 254.4 -140.241 -380.424 -24.6 156.379 -358.734 -1.9 -39.2606 -735.254 1.3 129.049 -717.814 -33.4 37.791 3.4338 2766
0.5 -84.476 506.04 -113.8 -21.037 343.53 9.1 -172.32 287.57 8.8 130.25 399.49 9.4 -432.67 227.99 42.1 351.96 538.46 -42.2 -544.53 94.6616 -196.2 358.55 427.99 -307.2 45.558 162.92 132.3 13.212 -54.2964 255.4 211.09 18.9027 255.7 -140.25 -338.13 -32.3 166.07 -343.69 -8.2 -34.2589 -723.05 8.2 131.15 -708 -31.8 37.46 -9.4296 2765.5
0.513 -102.785 514.598 -105.1 -34.9165 349.088 12.9 -185.541 291.278 13.8 115.709 406.908 12 -443.171 232.948 45 328.649 548.658 -40.7 -507.311 108 -209.7 310.759 426.688 -298.7 35.729 166.808 131.3 7.897 -53.267 250.2 204.849 22.3304 249.1 -124.847 -372.232 -27.1 186.849 -343.072 -18.5 -38.5486 -723.062 1.2 140.749 -706.482 -43.2 38.561 -16.158 2765.8
0.53 -122.372 517.603 -106.5 -52.6033 354.973 14.4 -201.933 293.873 14.8 96.727 416.083 14 -452.563 226.433 46.8 312.347 560.783 -47.5 -470.193 118.291 -220.5 253.457 421.523 -285.9 21.616 174.423 133.3 -1.818 -46.087 252.5 193.487 33.8297 252 -118.527 -388.137 -14.4 205.897 -331.977 -17.2 -42.136 -710.907 6.4 159.277 -689.537 -44 43.753 -24.523 2764.1
0.545 -144.147 526.011 -103.8 -71.964 362.601 16.4 -220.589 299.761 17.7 76.661 425.441 15.1 -461.549 231.221 47.6 290.911 569.891 -63.1 -430.729 126.508 -218.5 181.541 415.751 -273.9 5.277 182.331 133.9 -14.66 -39.037 252.3 179.701 43.14 250.6 -137.224 -343.179 -33.8 233.061 -315.789 -22.2 -50.5285 -703.069 1.1 184.581 -682.769 -58.6 50.139 -32.261 2761.4
0.559 -164.585 533.558 -94.3 -92.225 367.028 20.2 -242.035 307.648 26.4 57.595 426.418 13.9 -458.275 230.368 47.1 270.495 556.098 -79.2 -391.285 138.078 -217.4 101.435 421.058 -256.7 -14.934 183.958 133.2 -35.672 -37.966 250.3 160.385 39.7499 242.1 -158.945 -312.042 -36.6 253.485 -311.812 -29.5 -61.1004 -702.482 5.9 220.595 -683.442 -73.4 58.455 -43.868 2761.4
0.571 -185.132 539.232 -78.7 -115.191 366.352 26.9 -266.602 311.712 36.4 36.218 420.992 17.5 -467.342 208.782 27.1 245.588 532.052 -87.4 -348.032 144.088 -216.2 29.065 412.512 -220.4 -40.738 178.372 133.4 -65.3225 -45.356 246 132.748 26.127 233.7 -178.992 -301.668 -50.4 261.308 -315.488 -36.6 -79.065 -699.888 0.8 260.108 -677.888 -78.1 65.282 -45.492 2756.1
0.588 -214.597 561.809 -59.2 -142.676 382.399 33.6 -294.047 328.019 45.8 8.698 436.789 21.5 -471.697 199.549 19.9 199.803 519.059 -102.3 -323.657 160.214 -217.2 -49.251 411.079 -189.9 -65.914 190.509 130.8 -88.1011 -36.936 235.9 109.803 34.168 220 -179.387 -280.121 -56.1 285.943 -294.951 -36.5 -78.9259 -680.231 1 321.993 -650.551 -82.5 79.077 -61.879 2752.7
0.604 -237.514 580.371 -37.8 -162.634 394.271 40 -313.404 338.471 53.7 -11.859 450.081 26.3 -464.894 198.331 10 155.886 491.001 -118.2 -295.484 176.251 -215.1 -112.822 406.721 -186.9 -82.4007 198.371 125.1 -100.74 -34.019 219.2 96.406 38.947 201.3 -184.767 -273.119 -70.4 305.846 -283.499 -39.5 -83.0359 -667.179 -1.3 379.686 -642.909 -85.7 89.044 -73.471 2749.3
0.616 -250.575 591.161 -24.6 -174.832 401.221 44 -325.315 344.671 58.3 -24.353 457.771 29.8 -449.385 193.751 -0.9 106.505 456.081 -134.1 -268.475 191.881 -212.9 -174.382 396.701 -185.3 -92.9692 203.361 123.4 -109.493 -31.469 212 87.275 42.478 193.4 -193.298 -266.399 -70.4 323.645 -280.489 -20.9 -86.433 -656.429 10.6 431.435 -626.789 -75.4 96.455 -82.321 2745.1
0.627 -258.659 597.765 -21.7 -182.662 406.385 40.7 -333.099 349.915 55.8 -32.224 462.865 25.6 -425.249 193.685 -16.7 56.701 422.835 -147.3 -235.379 201.945 -222.2 -228.959 380.445 -184.7 -100.304 207.705 118 -116.315 -27.895 205.1 80.421 45.959 185.3 -206.519 -279.305 -79.5 345.341 -271.805 -1.6 -87.088 -649.815 20 477.981 -619.595 -75.3 98.779 -86.965 2746.3
0.639 -263.08 601.007 -16.9 -186.265 409.437 43.4 -336.57 355.787 66.1 -35.964 463.087 20.6 -393.88 191.197 -21.7 -6.383 392.217 -152 -200.43 206.197 -227.1 -290.59 348.437 -190.7 -103.667 210.107 118.9 -119.478 -24.353 209.4 77.34 45.902 179.6 -203.56 -281.583 -73.7 360.72 -264.313 4.7 -81.342 -645.333 33 518.79 -621.293 -79.6 100.09 -88.827 2743.5
0.648 -262.214 601.392 -16.7 -185.419 409.072 42.7 -334.074 360.452 79.4 -36.767 457.682 6.1 -348.034 186.772 -24 -67.704 355.602 -169 -161.371 196.652 -233.5 -347.824 300.172 -210.5 -102.099 208.832 115.1 -116.339 -23.308 211.6 78.776 40.507 163.5 -191.347 -279.688 -77.7 377.196 -268.558 12.4 -77.739 -646.068 29.2 550.356 -627.628 -95.4 96.454 -81.562 2744.3
0.655 -267.381 613.079 -15 -189.827 421.499 43.4 -336.771 375.619 89.6 -42.885 467.379 -2.7 -326.541 192.361 -43.9 -125.841 341.209 -171.4 -120.243 198.509 -234.3 -401.311 273.429 -223.7 -105.192 220.989 113.6 -116.603 -9.521 213.9 75.489 50.456 153.5 -185.088 -267.901 -88.6 377.669 -267.171 29.9 -75.784 -646.591 29.3 569.209 -626.921 -89.7 98.671 -93.759 2743
0.664 -272.242 619.3 -6.2 -193.898 427.84 48.5 -340.012 380.8 97.1 -47.78 474.88 -0.2 -302.252 205.02 -64.9 -178.391 337.92 -172.2 -88.9042 200.301 -245.3 -441.092 239.61 -244.3 -107.014 227.19 115.3 -115.487 -4.16 214 75.228 57.235 150.4 -180.467 -265.88 -92.7 377.718 -268.14 48.1 -77.814 -641.22 25.3 576.408 -625.23 -69.2 98.792 -104.72 2744.5
0.672 -271.206 617.63 -2.6 -193.176 424.26 47.6 -338.606 376.12 97.9 -47.744 472.4 -2.6 -271.266 211.54 -79.2 -215.326 325.45 -175.9 -50.086 192.193 -246.4 -468.056 200.014 -257.3 -105.005 222.65 109.7 -111.834 -10.41 204.6 78.164 52.488 138.9 -174.406 -265.44 -105.9 378.004 -281.48 57.8 -75.58 -643.61 13.6 576.664 -628.47 -68 93.016 -100.88 2748
0.68 -270.811 624.63 -3.3 -192.45 430.6 44.9 -333.931 386.22 107 -50.972 474.98 -17.3 -254.451 233.9 -83.9 -249.971 331.84 -180.7 -34.011 207.427 -254.4 -489.391 179.568 -265.7 -102.54 229.39 105.8 -105.4 -0.93 207.6 80.139 57.273 126 -164.194 -251.08 -103.5 374.439 -286.75 74.3 -66.781 -632.66 23.3 574.729 -625.06 -62.9 93.281 -111.1 2750.2
0.688 -253.992 602.15 8 -178.134 406.88 50.6 -316.822 365.45 120.7 -39.445 448.3 -19.6 -243.062 242.41 -94.1 -267.732 323.19 -181.5 -17.611 216.02 -259.7 -499.192 158.198 -269.7 -89.2681 203.738 106.3 -91.0588 -26.48 207.9 90.258 27.676 116.2 -153.015 -275.23 -105.9 375.578 -326.6 91.1 -60.309 -657.52 16.4 582.068 -652.23 -58.1 90.292 -107.46 2750.8
0.696 -256.834 611.65 11.3 -181.939 415.35 52.1 -318.504 376.5 128 -45.375 454.19 -23.8 -239.814 251.38 -102.6 -277.114 318.72 -187.2 -12.548 226.22 -260.9 -512.054 155.01 -262 -93.8966 211.34 106.1 -95.0784 -18.04 209.7 83.366 32.713 110.5 -166.074 -242.83 -104.7 366.936 -324.32 107.7 -70.22 -630.98 22 568.446 -622.44 -52.5 91.874 -109.89 2753.4
0.711 -259.693 619.06 14.1 -185.901 419.91 50.9 -322.493 380.33 126.8 -49.312 459.49 -25.1 -236.573 247.28 -110.6 -279.733 309.95 -186.4 -5.711 220.15 -258.1 -515.003 147.584 -260.6 -98.765 214.43 100.5 -100.836 -16.89 199.7 77.577 34.806 100.6 -169.425 -248.78 -119.7 361.357 -321.99 118.3 -76.999 -634.35 4.6 568.127 -626.51 -61.3 88.113 -100.03 2754
0.722 -255.427 614.793 2.6 -182.521 418.173 42.8 -318.967 380.743 120.2 -46.08 455.613 -34.7 -240.707 246.653 -115.1 -282.787 312.483 -186.5 -13.65 226.633 -263.7 -517.227 152.329 -261.9 -97.2374 212.143 93.4 -101.133 -18.367 194.7 77.223 30.575 93.5 -159.733 -259.837 -119.3 361.983 -324.567 128.1 -67.02 -646.617 11.9 578.853 -644.467 -63 91.987 -97.523 2757.3
0.733 -254.54 619.385 5.8 -181.197 421.355 42 -317.49 383.155 119.4 -44.904 459.565 -35.5 -242.46 245.795 -117.8 -277.5 318.705 -182 -16.539 233.155 -266.1 -514.51 170.427 -266.5 -96.3424 214.335 89.2 -100.583 -17.665 187 77.61 32.279 85.7 -162.117 -264.485 -125.6 360.9 -325.265 111 -70.76 -643.875 3.4 577.56 -641.915 -74 91.1 -97.225 2757.9
0.742 -245.907 621.186 7.7 -174.991 422.286 41.1 -312.207 384.056 116.9 -37.772 460.516 -34.8 -243.377 234.036 -120.4 -265.907 313.506 -181.1 -14.012 226.096 -266.9 -508.317 169.119 -267.9 -91.2051 214.746 88 -97.142 -17.794 184.6 82.303 32.209 85.4 -153.489 -259.244 -112.1 367.593 -324.334 106.9 -67.811 -640.444 8.9 581.163 -642.914 -73.2 86.207 -82.256 2758.5
0.75 -239.833 621.551 8.4 -170.486 423.841 41.6 -310.503 383.501 110.5 -30.466 464.191 -27.4 -248.063 235.641 -120.4 -250.863 322.481 -185.7 -22.119 230.191 -273.2 -499.653 193.871 -267.5 -88.5516 214.971 85.7 -98.276 -20.317 175 85.037 32.504 84.7 -150.766 -279.949 -114 365.877 -328.009 93.9 -67.427 -658.049 -0.5 579.317 -655.979 -79.2 85.563 -78.291 2761.9
0.758 -239.791 628.941 7.1 -169.576 431.161 45 -312.461 390.001 107.1 -26.696 472.311 -17.1 -250.781 238.181 -107.1 -237.651 329.991 -187.2 -44.196 230.341 -276 -494.131 228.171 -279.3 -88.5482 222.891 93.4 -100.997 -12.305 182.4 85.959 41.546 101.1 -151.151 -272.619 -99.9 362.909 -321.009 84.8 -67.481 -653.169 18.4 568.759 -650.889 -69.5 86.931 -74.491 2763.3
0.766 -230.181 633.503 17 -163.694 434.243 51.2 -309.031 392.913 107.2 -18.351 475.563 -4.8 -271.781 235.533 -95.4 -211.251 334.093 -188 -64.046 237.923 -278.4 -474.331 263.333 -277.3 -86.6732 223.643 95.7 -104.698 -13.969 176.8 85.389 40.077 103.6 -152.48 -289.557 -98.5 351.139 -326.657 53.9 -69.645 -664.827 6.1 541.799 -661.587 -81.3 81.951 -66.753 2763.4
0.774 -217.907 638.564 19.5 -156.608 436.494 51 -303.557 398.394 105.3 -9.66 474.604 -3.3 -274.537 232.624 -118.9 -173.597 341.314 -186.3 -69.0101 231.954 -320 -439.177 307.104 -284.9 -85.601 223.464 93.7 -110.638 -14.463 171.8 81.453 35.348 100.8 -150.861 -294.486 -86.2 337.793 -335.216 31 -68.9433 -669.626 7.1 503.143 -665.246 -75.8 72.457 -55.124 2766.5
0.782 -205.718 645.226 21.8 -149.207 441.436 49.2 -299.368 402.906 92.3 0.957 479.976 6.2 -278.128 229.136 -116.1 -140.716 344.696 -180.9 -95.977 234.136 -328.7 -396.318 354.746 -294.2 -82.671 226.376 88.8 -114.54 -13.941 156.5 82.272 36.5665 100.1 -140.303 -296.724 -84.7 333.452 -337.984 28.3 -57.3445 -678.294 -4.5 465.322 -652.294 -61.5 63.738 -43.486 2767.8
0.79 -186.879 646.198 20.6 -132.833 440.738 49.7 -285.369 401.188 81.4 19.699 480.298 18 -297.699 225.708 -102.1 -102.001 353.998 -178 -142.984 240.908 -328.6 -343.719 402.758 -300.2 -68.57 225.008 89.7 -104.158 -16.619 150.5 95.541 35.1673 108.9 -118.66 -305.512 -66.1 326.451 -352.682 41.6 -40.181 -691.802 1.5 432.111 -639.602 -38 52.999 -31.408 2770.4
0.799 -167.224 633.725 23 -114.02 427.145 51.2 -267.844 388.065 78.4 39.803 466.225 24.1 -314.914 219.305 -91.7 -53.075 359.485 -174.7 -183.384 247.425 -335.5 -275.534 440.405 -316.9 -52.095 210.535 90.3 -90.663 -31.6113 147.2 110.326 19.4497 111.7 -94.477 -394.645 -28.3 291.496 -299.485 -10.8 -26.904 -714.365 2.1 387.056 -656.255 -18.3 40.084 -8.6747 2778.8
0.817 -143.832 614.153 14.2 -96.547 408.503 54.4 -252.222 373.513 76.4 59.132 443.483 32.4 -342.332 229.753 -75.4 16.6 353.683 -159.5 -234.142 258.783 -337 -170.962 476.833 -319.1 -41.201 191.963 101.6 -87.685 -47.462 163.3 115.978 -1.691 134.5 -91.24 -450.397 18.3 281.128 -362.337 -6 -24.6679 -739.537 11.2 345.538 -628.967 0.7 23.812 16.597 2783.4
0.831 -120.001 571.872 9.6 -79.161 366.022 57.5 -236.371 334.622 73 78.054 397.432 42 -345.251 191.272 -68.4 86.232 327.112 -144.6 -289.821 250.532 -332.2 -74.886 486.242 -307.2 -30.649 149.032 109.8 -84.998 -88.519 172.2 120.719 -47.42 151.9 -75 -507.328 29.4 287.679 -376.678 -70 -11.8841 -794.758 -1.4 306.099 -609.058 8.4 10.401 62.918 2785.4
0.846 -107.521 552.732 12.8 -71.3177 345.832 61.3 -229.471 316.462 68.6 86.8343 375.212 54.1 -363.721 196.592 -52.4 147.019 320.532 -130 -340.071 266.812 -318.7 30.4083 506.612 -299.3 -28.3827 127.602 113.7 -88.9387 -109.857 170.8 118.039 -71.414 161.3 -61.2187 -535.628 28.8 272.919 -257.568 -127 -6.18256 -823.728 -15.6 265.129 -557.268 7.3 5.3007 89.468 2791.3
0.861 -93.5698 540.1 10.9 -64.0638 332.93 61.8 -223.172 307.84 66 95.0492 358.02 57.7 -381.582 197.98 -41.5 191.288 312.45 -118.3 -389.442 286.69 -306.3 122.468 529.1 -276.1 -28.1048 113.66 115.1 -96.1518 -122.012 171.1 111.858 -89.212 165.7 -54.6678 -552.59 35.6 250.048 -173.554 -161.3 -4.9816 -841.34 -17.8 229.158 -519.4 2.8 3.3718 111.54 2796.9
0.871 -79.4427 522.89 -0.3 -56.0527 317.94 59.9 -215.919 297.96 65 103.811 337.91 54.8 -386.519 197.96 -30.2 235.411 302.73 -101.2 -432.939 311.64 -279.2 208.261 541.95 -241.6 -26.8587 99.56 120.1 -102.189 -131.877 183.6 106.851 -105.761 177 -42.7137 -561.92 47.4 230.821 -124.736 -170.7 -4.0555 -858.24 -14.7 205.871 -494.66 1.3 -1.0413 134.3 2799.5
0.882 -65.0295 520.23 2.3 -46.9605 313.91 59.6 -207.383 298.8 65.2 113.466 329.01 53.9 -394.224 207.87 -29.4 263.747 302.75 -91.9 -454.043 357.34 -255 276.327 560.71 -200.4 -24.2295 93.95 117 -106.383 -135.873 178 103.389 -116.121 170.6 -33.2545 -559.89 27.8 208.127 -87.489 -205.5 2.9759 -878.24 -35.3 191.647 -477.45 -26.5 -5.5765 142.77 2804.6
0.894 -55.853 522.93 -0.1 -42.128 315.12 58.2 -202.937 303.84 63 118.683 326.4 53.4 -401.517 213.05 -20.8 290.963 302.99 -84.5 -455.777 403.05 -221.4 314.483 574.73 -146.1 -24.949 94.55 115.4 -112.907 -133.384 175.8 97.364 -118.637 169.5 -26.445 -557.59 31.4 197.333 -53.709 -216.1 4.6521 -879.76 -35.5 181.103 -455.69 -35.1 -5.883 152.27 2809.9
0.905 -49.0942 521.57 -14.7 -37.0242 317.04 52.7 -197.999 307.19 52.7 123.951 326.88 52.7 -403.189 228.71 -20.3 312.051 301.07 -71.7 -436.599 460.07 -171.5 320.161 583.53 -100.3 -23.6092 97.63 115.2 -115.469 -128.212 177.7 95.0788 -115.337 177.7 -20.3752 -551.19 33.7 188.971 -43.18 -216.4 6.13661 -886.84 -39.3 170.851 -452.67 -40.4 -6.5808 157.49 2814.8
0.913 -46.0589 526.96 -15.1 -35.4879 320.14 50 -196.341 310.54 44.1 125.359 329.74 55.8 -409.471 246.19 -2.7 324.649 315.98 -47.9 -410.441 499.26 -131.5 305.769 602.61 -56.9 -24.4299 99.43 108.3 -118.581 -127.562 162.9 91.8371 -115.006 170.5 -10.8049 -545.02 11.8 170.119 -58.78 -231.3 5.9243 -898.66 -61.7 158.559 -468.53 -71.3 -4.3391 163.85 2822.9
0.921 -45.0243 541.55 -13.7 -38.5543 333.76 51.5 -199.324 325.35 41.8 122.216 342.17 61.2 -420.884 281.21 11.2 340.176 341.63 -19.4 -371.894 542.3 -91.9 264.376 617.57 -16 -30.3673 112.35 107.8 -127.294 -114.554 157.9 82.9317 -103.555 170.5 -5.5203 -528.69 8.1 152.266 -71.669 -230.5 -0.7314 -895.28 -58.9 143.986 -488.54 -80.5 4.0043 159.29 2826.9
0.93 -41.5622 551.81 -6.3 -36.8822 342.53 55.8 -197.535 335.64 43 123.775 349.41 68.6 -426.765 311.15 26.4 352.755 368.94 1.1 -331.555 568.34 -54.7 223.455 623.13 9.1 -31.3882 119.71 106.5 -130.935 -107.601 148.8 79.1468 -98.602 165.6 10.6398 -517.64 6.1 144.565 -106.956 -244.1 -6.81573 -892.56 -69.9 140.925 -529.39 -99.1 6.8752 159.06 2829.6
0.938 -41.436 562.19 4.5 -38.991 351.05 59.7 -199.694 346.2 46.1 121.716 355.89 73.3 -433.244 339.7 38.5 362.506 387.12 21.9 -300.074 578.12 -48 196.526 616.45 -3.2 -35.765 126.48 101.5 -137.604 -101.252 134.5 72.531 -94.92 152.3 -2.4179 -518.82 8.5 137.126 -143.16 -257.5 -14.6718 -896.84 -81.9 134.806 -581.38 -115 11.814 163.39 2835.5
0.956 -40.947 585.34 10.6 -40.831 372.62 64 -201.466 368.85 49.1 119.804 376.39 79 -442.946 387.96 55.8 363.934 416.2 46.5 -276.806 586.87 -55.5 178.974 625.18 -10.9 -39.063 147.23 101.8 -142.326 -80.622 129.9 67.74 -75.692 149.4 -9.0024 -504.11 23.4 137.674 -174.044 -252.1 -17.0882 -888.83 -77.7 135.514 -626.65 -116.9 18.746 154.07 2838.7
0.97 -43.666 612.97 22.5 -44.414 399.46 69.5 -205.192 397.31 55.7 116.368 401.6 83.3 -445.862 430.29 72.3 370.078 444.38 68.2 -272.062 609.06 -68.6 180.518 640.71 -20.7 -44.063 173.05 100.5 -148.852 -54.765 122.5 61.424 -51.961 140.6 -21.3708 -481.24 19.2 133.558 -209.272 -246.9 -23.5536 -874.26 -81.3 128.478 -661.58 -131.3 25.732 137.74 2842.4
0.981 -40.854 625.17 37.4 -43.711 410.25 75.1 -204.465 410.12 60.7 117.035 410.38 89.5 -443.215 470.13 91.5 375.245 467.69 89.6 -276.235 614.59 -93.4 193.565 653.34 -33.8 -45.413 182.84 96.2 -152.235 -44.659 107.8 58.005 -44.489 126.7 -37.1324 -476.47 12.6 131.195 -253.75 -239.5 -26.2343 -873.65 -90.7 127.655 -711.9 -144.7 28.165 134.88 2846.3
0.992 -41.5209 642.78 57.3 -44.853 425.57 82.1 -205.738 426.29 69.3 116.032 424.84 95 -440.768 497.06 96.5 374.952 493.27 95 -281.868 630.84 -105.9 210.322 667.42 -57.1 -46.74 197.51 92.9 -153.828 -30.08 95.2 56.58 -31.03 112 -44.663 -466.43 15.2 131.272 -324.24 -194.7 -25.8278 -865.81 -92.3 130.802 -740.73 -152.6 32.698 135.98 2848.4
1 -36.4438 652.39 62.4 -42.0014 434.34 82.8 -202.965 436.29 71.1 118.965 432.39 94.6 -439.115 517.98 103.7 378.245 508.06 92 -291.195 654.38 -108.3 217.855 684.66 -67.2 -45.2205 205.98 89.1 -153.695 -21.11 87.6 56.82 -23.66 102.9 -45.372 -460.35 24 129.785 -371.1 -153.9 -28.0429 -873.25 -88.2 127.785 -791.79 -148.3 35.565 138.05 2852.7
1.014 -32.6637 656.42 75.5 -41.7372 437.8 85.6 -202.827 442.49 78 119.353 433.1 93.2 -438.617 524.08 106.8 378.553 517.48 84.6 -296.317 678.47 -97.9 221.333 709.62 -64.8 -48.2894 209.48 83.6 -160.227 -15.77 76.5 50.545 -21.91 86.5 -42.8591 -453.86 20.5 115.583 -407.11 -124.3 -37.8156 -879.32 -96.4 118.293 -827.39 -155.6 40.237 144.01 2856.4
1.025 -26.71 649.28 80.8 -37.2348 431.99 84.4 -198.388 438.18 79.4 123.922 425.8 89.3 -433.298 518.41 102.7 379.782 521.03 78.1 -289.268 698.82 -81.8 220.302 727.88 -50.2 -45.7303 203.85 75.7 -159.608 -20.25 63.9 51.153 -28.34 70.3 -16.106 -451.53 27.2 104.722 -441.12 -93.3 -36.4077 -893.25 -103.4 118.092 -859.55 -151.8 43.058 147.68 2859.4
1.033 -23.994 646.93 85.9 -32.942 429.92 82.9 -194.219 433.94 79.8 128.341 425.9 86 -429.999 517.13 95.1 378.541 525.4 71.7 -277.949 721.49 -56.6 213.311 745.23 -25.9 -38.3483 201.9 68.9 -149.219 -23.49 53 61.711 -28.74 57.1 1.362 -453.68 26.4 103.521 -460.75 -59.1 -28.482 -898.77 -105 123.381 -860.65 -144.8 46.849 146.93 2861
1.041 -13.487 647.87 89 -24.623 430.1 81.6 -185.888 435.92 79.9 136.642 424.28 83.3 -422.018 522.7 93.8 384.752 531.8 68.2 -253.238 736.93 -28 210.842 759.32 11 -32.65 202.39 63.5 -146.125 -21.51 44.3 64.772 -29.12 46.6 -2.09 -454.72 28 87.252 -473.02 -30.9 -40.6281 -892.36 -104.4 108.182 -865.11 -144 48.928 145.35 2860.2
1.049 -9.51 658.9 102.1 -23.586 440.28 84.8 -184.761 447.9 86 137.589 432.66 83.6 -418.701 525.91 87.7 376.179 541.87 63.9 -227.181 735.49 1.3 188.019 761.28 64.9 -34.506 213.4 59.9 -150.837 -8.51 35.7 59.989 -18.48 34.1 -2.51 -440.64 33.5 69.629 -468.85 -16 -52.0552 -879.55 -104.8 95.279 -861.62 -148.9 54.601 142.66 2859.3
1.067 -10.95 663.84 108.5 -25.367 447.98 85.1 -186.494 456.3 88.5 135.756 439.67 81.6 -419.784 517.8 90 376.156 548.73 61.6 -216.244 727.99 37.3 173.496 752.08 108.4 -37.692 221.79 54.7 -155.374 1.05 26.6 55.346 -9.83 22.1 -4.915 -430.45 34.5 68.646 -463.45 4.8 -57.7983 -881.68 -103.4 88.326 -865 -147.4 61.694 136.51 2859.5
1.08 -5.208 671.75 102.5 -21.697 454.49 83.8 -182.728 464.65 87.3 139.332 444.33 80.3 -421.838 501.89 105 391.102 540.91 58.8 -210.698 704.9 62.2 176.812 731.39 127.5 -36.584 228.01 56.5 -156.768 8.18 31.5 53.822 -5.11 27 -9.246 -424.54 38.6 64.212 -460.56 23.1 -61.8687 -877.64 -91.1 84.092 -866.3 -133.7 63.798 133.77 2856.3
1.088 -1.247 680.97 124.3 -20.842 466.13 89.7 -181.627 478.71 95.4 139.943 453.56 84 -427.037 496.8 107.7 411.733 534.82 56.3 -216.547 698.95 83 187.623 716.83 129.2 -39.732 241.72 51.8 -163.775 25.53 17.7 46.533 9.09 10.3 -21.457 -408.91 14.1 62.923 -447.08 8.8 -69.6913 -863.05 -106.9 76.553 -853.33 -146.6 69.457 127.58 2856.4
1.102 -8.135 661.11 131 -21.48 447.8 89.1 -182.498 456.04 95.2 139.532 439.57 83 -421.888 486.79 113.2 421.242 526.4 53.8 -204.878 689.09 99.4 195.852 707.12 132.7 -34.597 224.26 44.3 -152.823 6.09 3.5 57.392 -4.65 -4.4 -5.911 -426.01 12.6 76.122 -460.65 10.9 -56.772 -894.27 -104.3 89.302 -875.74 -141.3 72.078 132.41 2856.4
1.12 -3.261 673.41 125 -34.152 429.45 86.2 -195.334 431.58 90.5 127.036 427.33 82 -412.554 498.79 115.9 408.506 522.63 53 -198.884 705.54 105.9 198.666 715.32 140.5 -38.366 206.4 37.6 -147.942 -15.28 -8.2 62.776 -18.05 -13.8 -13.636 -451.71 2.9 73.516 -473.1 21.4 -66.1149 -901.92 -103.4 81.586 -879.51 -130.9 75.664 132.79 2855
1.134 0.108 669.07 111.5 -29.053 435.91 83.2 -189.982 444.25 88.1 131.878 427.57 78.3 -408.612 509.67 118.8 393.418 517.12 51.1 -194.462 711.4 108.1 195.728 720.78 141.6 -41.862 211.43 44.6 -161.305 -7.53 9.2 51.968 -18.58 2.7 -31.875 -452.08 24.3 56.628 -474.44 40.1 -85.7383 -877.03 -79 58.968 -867.26 -105 79.642 136.61 2854.3
1.146 2.388 664.52 115.3 -21.44 439.76 84.8 -182.27 449.94 91.7 139.39 429.58 77.9 -403.81 509.34 117.6 393.7 516.06 52.8 -203.56 722.3 85.3 207.06 736.42 119.5 -37.307 215.18 46.3 -159.019 -2.7 12.3 52.67 -16.1 3.3 -11.214 -437.96 26.7 69.43 -471.38 42.4 -76.6051 -881.22 -89.2 67.73 -868.17 -118.5 81.33 140.8 2853.9
1.157 6.383 653.79 118.2 -15.63 433.76 86.3 -176.351 445.36 94.4 145.09 422.15 78.1 -405.63 502.2 118.1 391.62 531.05 55.2 -220.58 726.32 70.7 213.4 761.75 118.7 -33.847 209.4 46.7 -157.506 -7.34 12.5 53.38 -22.57 1.7 -13.603 -442.7 17.2 68.53 -477.92 41.7 -79.4176 -897.15 -93.3 64.18 -883.29 -123.4 85.89 147.37 2853.7
1.169 5.589 648.12 120.3 -13.861 430.45 88.5 -174.607 441.48 97.6 146.887 419.41 79.4 -406.023 502.84 118 396.597 526.28 56.5 -249.363 742.8 54.8 228.537 768.57 90.8 -31.49 205.89 49.3 -154.409 -11.45 16.1 56.167 -25.9 4.2 -15.405 -447.77 15.1 66.327 -482.09 33.3 -80.595 -899.82 -89.8 62.807 -888.21 -121.2 90.153 150.44 2852.4
1.186 8.52 647.28 110.7 -11.406 430.76 87.9 -172.098 443.45 95.9 149.28 418.08 79.9 -403.8 515.1 116.3 400.01 529.79 61 -278.45 760.17 22.6 256.23 783.32 46.6 -30.859 205.47 54.4 -155.485 -11.52 26.2 54.86 -28.13 15.7 -22.338 -448.65 8 55.31 -484.39 45.4 -88.6256 -899.19 -84.2 55.5 -888.92 -107.9 93.34 148.06 2850.9
1.2 8.954 645.41 106.5 -9.994 427.65 89.9 -170.67 440.78 97.8 150.684 414.52 82 -401.996 519.21 114 404.404 535.05 66.9 -298.126 762.1 -8.2 282.164 791.67 7 -29.844 201.67 61.7 -154.807 -15.71 38.6 55.414 -32.89 28.3 -26.331 -452.1 -2.6 51.374 -489.7 44.4 -88.8415 -897.59 -81.9 55.724 -888.97 -108.3 94.766 152.37 2849.1
1.216 9.208 645.87 94.7 -9.373 429.31 89.6 -169.979 443.65 96.9 151.228 414.97 82.3 -404.102 524.36 115.7 407.588 533.26 76.1 -330.332 762.21 -35.1 313.018 786.85 -26.3 -30.509 202.66 69.8 -156.695 -14.62 54.8 53.408 -33.38 45.3 -35.63 -447.15 -21.8 45.528 -490.15 42.2 -94.7331 -896.44 -81.1 50.968 -888.43 -103.1 98.472 148.94 2846.4
1.233 12.12 657.66 103.1 -6.453 439.95 97 -167.091 454.26 103.7 154.19 425.64 90.3 -404.89 532.68 128.8 419.46 534.13 86.5 -360.97 755.99 -56.7 345.44 768.27 -60.6 -27.421 213.03 79.1 -153.446 -4.54 65.5 56.67 -23.26 56.8 -52.821 -428.68 -59.4 53.82 -479.16 31.8 -95.2456 -881.94 -92.8 51.69 -874.12 -101.5 99.57 137.47 2842.7
1.248 10.46 651.38 96.1 -7.366 435.01 97.6 -167.994 449 105.2 153.26 421.03 90 -406.73 523.89 137.2 422.44 527.14 96.5 -376.4 726.42 -73.8 363.1 745.57 -80.2 -27.719 207.65 85.8 -153.12 -10.56 78.9 56.98 -28.85 69 -67.129 -424.75 -84.4 63.65 -483.2 25.1 -105.248 -883.03 -99.8 43.19 -874.71 -92.2 102.59 137.17 2840.6
1.259 11.23 659.41 94.2 -6.227 442.3 101.9 -166.879 455.78 110 154.43 428.82 93.9 -409.92 525.9 150.5 427.17 526.04 110.7 -382.03 699.91 -78.3 363.04 723.45 -89.7 -25.598 214.63 96.6 -150.029 -4.22 96.5 60.09 -21.85 86 -86.561 -401.83 -110.1 78.06 -474.64 29.4 -111.52 -862.6 -111.3 40.73 -858.48 -79 103.36 130.62 2836.9
1.267 10.71 667.2 84.6 -6.24 451.87 103.1 -166.896 465.67 110.4 154.43 438.06 95.8 -397.22 548.65 168.4 427.32 534.69 125.5 -369.12 674.85 -83.1 350.03 706.85 -91.1 -25.639 224.25 106.5 -150.108 5.66 114.7 60.02 -12.39 105.2 -103.413 -367.05 -136.4 83.33 -464.3 41.5 -119.957 -842.63 -128.3 34.17 -844.82 -75.4 106.42 117.63 2831.8
1.275 14.3 664.92 81.9 -3.52 448.78 105.3 -164.108 462.88 113.5 157.07 434.68 97.1 -389.56 538.2 181.5 431.72 525.74 135 -338.78 641.55 -71.8 326.81 674.12 -84.2 -23.04 221.26 114.2 -147.581 2.97 128.5 62.46 -15.48 117.7 -113.528 -341.19 -162.3 82.45 -465.17 39.2 -118.632 -827.26 -145.3 34.83 -845.05 -78.6 108.17 119.43 2829.1
1.288 13.62 653.39 79.1 -3.49 439.32 106.6 -164.054 453.09 115.8 157.06 425.55 97.3 -388.19 516.96 188.1 432.95 516.75 130.4 -288.1 619.29 -40.9 288.27 654.94 -71.1 -22.191 211.95 120.5 -145.886 -6.42 140.5 64.11 -24.427 128.3 -140.309 -321.25 -214.2 79.04 -470.38 30.8 -123.361 -806.79 -165.8 29.88 -854.04 -75.2 110.01 122.34 2827.2
1.302 13.09 632.66 68.2 -2.56 420.42 104.7 -163.248 433.56 112.6 158.12 407.28 96.9 -387.11 497.01 189.4 437.45 496.36 125.6 -240.61 595.99 -9.6 254.93 624.69 -38.9 -20.041 193.65 126.7 -142.601 -24.53 153.7 67.56 -41.716 143.5 -160.159 -299.67 -245.5 74.74 -485.47 34.9 -117.685 -779.44 -176.8 29.62 -862.95 -74.9 109.49 132.67 2825.2
1.314 9.65 609.67 61.2 -5.41 398.39 101.3 -166.065 411.13 110.3 155.25 385.65 92.4 -392.4 474.08 186 440.25 480.01 115.1 -214.8 589.07 15.3 225.87 618.93 -7.4 -21.944 171.84 126.8 -143.545 -46.37 158.2 66.58 -63.032 146.5 -175.616 -278.62 -283 66.69 -500.74 16.6 -107.879 -748 -191.2 28.66 -880.17 -89.1 114.6 148.25 2825.8
1.33 10.64 596.25 61.9 -4.14 384.35 103.6 -164.769 396.82 113.5 156.48 371.88 93.7 -394.92 455.88 186.5 429.4 464.86 109 -208.694 599.07 37.9 205.69 613.02 4.7 -19.955 158.06 132.1 -140.805 -60.07 167.1 69.27 -76.384 154.2 -182.461 -254.5 -293 61.15 -510.23 11.6 -105.092 -705.19 -196.6 29.65 -887.68 -87.6 116.53 160.78 2821.9
1.346 13.53 574.56 51.9 -1.19 364.43 100.1 -161.888 377.14 108.3 159.51 351.71 91.9 -391.8 448.9 176.4 423.36 445.35 100.2 -216.71 613.85 26.2 211.18 618.6 4.8 -17.31 138.91 134 -138.521 -78.29 173.2 71.66 -94.922 162.4 -185.053 -236.281 -302 55.34 -519.46 -4 -101.869 -677.63 -201.7 28.13 -906.85 -83.8 116.58 176.45 2820.3
1.361 12.97 561.77 57.6 0.83 351.48 102.5 -159.934 362.71 111.5 161.59 340.26 93.4 -389.45 452.39 165.6 420.63 438.62 90.4 -237 640.91 10.4 230.1 639.35 -1.9 -13.15 125.5 134.3 -132.261 -93.141 172.1 78 -107.817 160.3 -182.199 -219.429 -314.4 58.33 -534.25 -2.4 -95.107 -657.1 -213.8 34.92 -913.13 -93.6 115.33 181.28 2817.8
1.369 11.09 549.48 61.5 -0.43 339.13 104.1 -161.182 349.59 114.2 160.32 328.67 93.9 -395.84 454.47 151.2 421.2 431.58 74.1 -271.7 663.96 -4.1 266.47 658.86 -22.9 -13.2 112.91 135 -131.09 -106.468 172.5 79.15 -120.145 159.2 -188.09 -200.671 -312.9 50.55 -543.8 -9.7 -98.044 -638.01 -215.1 31.41 -923 -94.4 115.27 190.37 2816
1.377 13.6 546.34 66.7 2 335.2 108.2 -158.846 344.89 117.6 162.85 325.52 98.9 -398.44 446.24 140.8 425.08 435.31 56.8 -326.47 679.01 -9.8 307.24 680.26 -49.5 -9.88 108.81 138.3 -126.956 -111.256 174.5 83.42 -123.921 162.3 -188.589 -186.192 -314.2 42.38 -545.93 -8.3 -96.066 -627.36 -217.3 34.3 -924.34 -88.2 113.65 194.17 2811.3
1.385 13.48 549.11 70.8 3.16 336.62 110.8 -157.729 345.97 119.8 164.06 327.26 101.8 -404.93 440.62 124.1 430.33 434.17 42.1 -394.92 680.44 -26.8 359.4 690.54 -77.2 -8.36 110.1 140.2 -125.106 -110.301 175.4 85.32 -122.538 163.7 -189.023 -182.738 -310.5 38 -543.29 -8.8 -97.262 -629.82 -213 34.41 -922.38 -85.6 113.03 193.58 2807.5
1.396 17.69 555.22 87.3 9.3 341.79 118.4 -151.735 349.93 125.7 170.34 333.65 111.2 -414.91 436.6 111.1 442.73 424.92 31.6 -454.42 671.1 -51.3 426.49 676.33 -111.2 -1.13 114.58 141.6 -116.886 -107.307 169.5 93.75 -117.951 160 -182.413 -188.354 -315 47.09 -541.23 -6.6 -93.032 -639.4 -216.3 40.98 -917.79 -87.5 107.49 189.98 2803.2
1.405 20.99 567.9 97.5 12.14 353.08 124.2 -148.973 360.7 130.2 173.26 345.45 118.3 -426.07 429.3 100.2 453.25 408.98 22.9 -512.34 649.04 -70.4 482.31 645.09 -145.7 2.12 125.53 144.2 -113.271 -97.034 168.2 97.45 -107.006 160.4 -182.721 -198.606 -299.8 49.67 -535.43 8.4 -94.531 -657.63 -203.5 41.48 -906.92 -80 106.87 182.48 2800
1.413 21.76 594.44 100.1 14.17 378.32 126.5 -147.028 385.35 130.6 175.37 371.29 122.5 -431.28 418.63 94.7 460.88 399.49 14.6 -564.39 603.25 -90.5 539.95 603.92 -177 4.71 150.59 145.1 -110.176 -72.535 166.3 100.66 -81.727 161 -185.705 -204.936 -296 50.99 -513.02 17.8 -102.61 -677.45 -193.3 41.46 -887.63 -76.9 105.69 166.25 2798.4
1.421 21.76 624.57 102.6 14.5 407.45 127.9 -146.727 414.07 131.8 175.73 400.84 123.9 -429.69 397 86.1 458.89 382.43 7.5 -612.63 524.38 -100.1 585.11 541.46 -199.7 5.56 179.53 144.3 -108.814 -44.06 163.3 102.04 -52.71 158.1 -185.806 -213.76 -287.5 59.88 -485.03 15.4 -108.258 -692.51 -180.6 39.24 -868.45 -77.1 106.89 149.44 2798.5
1.429 23.57 655.83 112.8 20.32 437.34 128.9 -140.96 441.66 133.3 181.6 433.03 124.5 -417.19 381.08 81.3 456.59 367.29 10 -629.05 431.18 -106.5 620.28 463.24 -207.8 14.47 209.04 138.4 -96.8654 -16.44 150.7 114.09 -22.09 144.9 -173.171 -227.31 -287.2 78.59 -456.36 6.2 -104.397 -711.69 -177.3 45.93 -844.42 -83.1 100.79 126.64 2801.5
1.437 22.16 673.87 117.1 19.59 456.08 128.8 -141.748 459.56 131.5 180.93 452.59 126.2 -405.37 360.81 82 444.52 350.96 6.8 -625.29 327.24 -98.7 627.82 355.75 -208.1 14.72 227.59 132.7 -95.6594 1.37 138.2 115.36 -3.18 134.8 -171.202 -251.07 -275.9 77.17 -439.95 4.9 -112.815 -733.76 -164 44.38 -831.54 -81.9 101.7 109.03 2802.9
1.445 25.08 689.747 118.7 23.4 471.197 124.8 -137.956 472.737 124.1 184.76 469.647 125.5 -391.24 327.737 78.9 431.21 308.907 3.8 -602.42 213.047 -77.1 605.36 232.827 -211.4 21.23 242.657 122.7 -86.489 15.137 120.1 124.59 13.117 121 -159.366 -270.403 -266.5 88.12 -427.663 5.6 -107.672 -750.253 -153.5 49.45 -814.613 -86.8 102.46 92.633 2806.1
1.453 23.15 707.403 114.1 22.69 486.913 116.4 -138.694 487.613 114.9 184.07 486.213 117.9 -373.45 284.813 76.9 405.77 275.403 7.8 -565.19 107.803 -57 574.6 125.523 -176.8 21.73 258.343 111.8 -84.736 30.233 106.2 126.3 29.313 108.1 -160.709 -275.127 -236.3 76.83 -412.727 3.5 -113.362 -763.047 -131.8 39.17 -798.847 -88.1 103.57 77.867 2811.1
1.461 20 721.924 108.4 18.39 498.954 106.7 -143.001 500.204 105.6 179.79 497.714 107.9 -353.98 248.804 71 377.64 245.094 11 -508.95 17.387 -29.1 517.45 30.904 -132.7 16.69 270.494 98.1 -90.546 42.844 88.7 120.52 41.214 90.2 -166.858 -288.056 -226.6 67.32 -402.746 -4.5 -114.685 -771.516 -114.4 32.08 -789.166 -98.1 106.53 69.536 2817
1.469 16.34 742.504 104.9 14.85 518.474 99.5 -146.545 520.474 97.9 176.24 516.484 101.1 -326.06 228.794 73.4 349.75 228.444 23.4 -435.19 -42.48 13.5 452.96 -30.319 -89.5 12.14 290.164 87.4 -96.093 63.164 74.3 114.98 60.554 76.4 -145.206 -310.456 -177.6 60.82 -386.726 0.8 -109.224 -764.346 -94.9 31.14 -775.806 -101.4 106.34 55.876 2821.1
1.477 16.69 749.617 91.8 13.79 527.457 88 -147.526 529.957 83.6 175.1 524.947 92.4 -298.24 216.227 76.7 322.66 213.537 42.7 -372.53 -81.392 45.6 389.49 -75.365 -52.9 10.55 299.077 76.7 -98.199 72.337 62.6 112.81 69.057 68.3 -106.518 -333.163 -128.3 46.21 -379.203 13.5 -99.0268 -771.763 -80.5 35.59 -773.663 -99.4 105.88 45.113 2824
1.494 17.96 759.714 96.5 13.44 539.074 85.9 -147.779 543.094 79.6 174.66 535.044 92.1 -267.35 235.054 80.3 303.86 210.834 60.2 -313.12 -76.71 65.5 336.81 -97.651 -24.3 8.36 311.034 70 -102.152 85.624 50.1 108.71 80.364 58.2 -84.677 -340.986 -86.9 36.88 -368.756 16.4 -99.631 -762.356 -77.4 34.59 -762.966 -104.7 102.44 34.006 2824.2
1.508 18.882 770.645 98.7 12.952 548.575 84.3 -148.258 553.645 78.3 174.162 543.495 90.3 -244.658 241.465 79 280.652 220.385 77.3 -276.778 -77.34 71.3 297.832 -95.764 5.9 6.512 320.865 64.6 -105.345 96.475 41.1 105.482 89.835 48.9 -60.969 -342.335 -41.3 33.722 -360.515 21.2 -98.0568 -754.435 -73.7 40.592 -755.105 -103.3 99.618 29.695 2823.9
1.523 17.002 767.314 99.9 10.992 547.054 82.6 -150.148 552.374 75 172.132 541.734 90.2 -227.548 244.104 79.7 265.132 229.264 86 -253.268 -78.052 69.1 269.592 -90.776 21.9 4.492 319.514 60.8 -107.373 95.454 34.1 103.382 88.494 44 -53.845 -350.296 -16.9 38.672 -363.566 32.5 -95.8477 -766.356 -72.6 44.392 -763.316 -98.7 96.148 34.206 2824.2
1.535 12.891 772.057 92.6 8.501 551.327 80.2 -152.764 555.347 75.4 169.761 547.297 85 -219.559 246.467 84.4 255.771 232.947 87.4 -235.699 -77.678 73.9 247.091 -89.963 35.2 3.372 323.487 61.4 -107.225 98.277 39.5 103.721 93.007 45.7 -47.632 -350.933 11.5 40.601 -359.653 39.5 -91.1137 -769.203 -59.8 51.241 -764.323 -92.9 92.719 33.413 2821.2
1.543 13.175 772.522 86.5 9.516 552.812 77 -151.741 556.292 71.2 170.775 549.322 82.8 -208.895 252.912 87.8 239.215 241.292 87 -222.625 -71.811 70.6 231.675 -83.143 38.8 5.201 324.802 59.9 -104.559 99.072 39 106.335 94.512 46.6 -40.442 -351.588 19.5 42.975 -358.268 48.4 -85.1484 -770.038 -62.1 57.405 -765.718 -92.5 88.115 28.008 2821.2
1.551 12.089 771.72 94.6 4.808 552.24 79.3 -156.391 558.31 74.5 166.003 546.17 84.2 -211.827 240.79 87.2 230.663 232.22 86.6 -219.117 -84.39 67.8 221.773 -92.673 38.7 -3.126 324.7 58.4 -116.485 101.12 34.3 94.363 93.18 40.7 -49.111 -350.04 16.3 28.093 -359.28 39.7 -96.065 -764.67 -67.1 49.163 -764.24 -97.2 86.207 33.22 2821.5
1.562 10.954 773.969 89 4.274 554.359 76.3 -156.971 559.909 71.8 165.523 548.819 80.8 -215.987 252.359 86.7 230.653 239.439 93 -215.607 -73.169 69.1 219.523 -81.062 23.9 -3.044 326.559 57.8 -115.798 102.389 36.4 95.073 95.129 42.3 -30.058 -345.901 29.4 43.963 -358.671 56 -80.0374 -771.801 -59.1 65.143 -764.731 -89 81.817 29.091 2820.8
