0 -3.611 766.692 71.3 -4.336 546.412 68.3 -163.935 547.882 44.2 155.265 544.942 92.4 -252.985 247.042 68.8 243.905 242.072 84.4 -309.575 -46.592 12.4 335.935 -45.536 0.5 -5.297 317.882 60.7 -110.626 90.312 37.4 98.105 88.382 68.9 -127.094 -365.378 2.6 112.425 -367.808 40.9 -205.335 -782.228 -126.2 183.915 -780.188 -75.5 44.065 23.258 2876.4
0.0133 -4.694 770.546 72.3 -5.879 550.526 68.7 -165.779 552.076 46.8 154.021 548.966 90.6 -251.039 250.276 71.3 245.401 245.796 89.1 -310.739 -43.26 9.9 334.241 -41.325 -0.6 -7.034 321.966 61 -112.763 94.426 38.9 96.381 92.396 67.6 -125.952 -361.544 5.7 116.781 -363.744 42 -205.389 -781.754 -125.8 185.191 -775.144 -76.2 45.579 19.874 2876.3
0.0303 -1.989 766.314 59.9 -3.541 545.954 63.7 -163.47 547.594 41.9 156.38 544.304 85.5 -248.61 245.474 68.1 245.11 239.234 87 -310.42 -47.558 8.2 336.79 -46.385 -4.8 -5.646 317.344 61.9 -112.327 89.804 45.9 96.83 87.664 74.4 -125.036 -365.986 9.9 118.91 -368.766 57 -204.24 -786.796 -117.8 185.87 -781.556 -69.7 45.38 24.096 2876.7
0.0454 -3.554 764.053 55.1 -6.198 543.563 61.6 -166.086 546.173 39.7 153.694 540.943 83.6 -255.896 250.333 63.4 249.964 240.213 87.3 -316.566 -44.252 4.9 340.884 -43.571 -9.9 -10.038 314.943 62.4 -118.438 88.033 48.8 90.684 84.613 77.5 -130.988 -367.347 7.9 111.704 -371.297 49.7 -210.536 -787.517 -124.1 180.464 -785.607 -72.8 46.786 22.957 2876.5
0.0579 -1.475 762.822 55.1 -5.854 542.362 61.7 -165.627 545.552 38.9 153.913 539.162 84.5 -260.897 249.702 53.4 257.033 241.132 84.9 -331.037 -44.55 -4.3 347.313 -38.947 -18.5 -10.705 313.742 63.7 -120.037 87.212 50.8 88.923 83.032 80.6 -128.232 -367.518 2.7 115.333 -372.348 48.3 -207.407 -786.108 -124.1 182.453 -780.778 -71.5 47.837 25.448 2875.5
0.0689 1.609 762.788 55.4 -3.637 541.468 62.3 -163.179 545.348 38.1 155.901 537.578 86.5 -271.949 242.478 48.3 264.011 235.678 80 -341.659 -51.904 -9.8 368.791 -32.18 -33.6 -9.668 312.868 65.4 -120.033 86.818 52.6 88.631 81.738 84.3 -127.803 -368.162 6.4 115.601 -373.542 50.1 -207.349 -786.992 -123.5 183.371 -783.362 -70.8 48.919 32.602 2874.7
0.0771 -0.632 751.842 43.3 -6.581 532.722 58.3 -165.903 536.422 32.6 152.737 529.022 83.9 -282.043 249.462 41 271.937 239.522 73.8 -364.533 -36.4706 -20.5 386.307 -17.822 -49.5 -13.352 304.382 67.4 -124.31 78.462 59.8 84.067 73.622 93.3 -130.943 -376.698 15 112.557 -381.508 58 -214.453 -803.038 -119.4 178.267 -797.028 -64.2 54.503 32.098 2874.5
0.0853 1.93 738.493 26.7 -5.797 520.993 54.5 -164.968 524.613 28 153.372 517.363 81 -289.868 247.613 38.7 287.122 239.103 68.2 -385.098 -26.3945 -41.2 414.292 4.887 -78.9 -14.141 293.473 73.4 -126.573 68.333 75 81.602 63.591 109.7 -136.116 -385.797 21.8 111.712 -391.127 70.5 -217.868 -805.257 -112.2 174.942 -796.807 -55.8 56.068 36.187 2871.5
0.1033 2.448 727.824 20.9 -7.44 511.414 54.1 -166.931 515.584 29.7 152.049 507.244 78.5 -297.051 246.824 33.1 301.449 241.624 55.8 -404.091 -15.485 -58.5 447.219 33.804 -108.1 -17.166 284.464 78.9 -131.198 60.246 87.7 77.419 54.796 119.7 -143.026 -392.146 22.6 110.779 -397.046 60.3 -222.711 -808.776 -113.2 173.219 -801.826 -59.4 60.191 38.046 2868.5
0.1162 5.532 728.531 29 -5.724 510.251 57.3 -165.419 516.891 35 153.971 503.621 79.6 -306.489 249.481 29.3 313.751 240.861 44.7 -422.599 -2.858 -74.7 474.681 67.861 -139.3 -18.385 283.191 80.4 -135.492 60.461 88.9 73.401 51.783 118 -152.921 -390.069 13.2 109.871 -398.089 46.3 -225.039 -802.099 -121.6 169.001 -796.969 -69.6 64.049 42.969 2866
0.1248 8.773 714.411 13.6 -7.177 500.191 53.3 -167.068 508.501 33.1 152.722 491.871 73.5 -321.638 254.251 24 338.002 262.031 26.1 -446.588 9.549 -94.5 504.872 112.431 -173.6 -23.002 274.621 85.7 -143.392 54.495 105 65.742 43.617 131.4 -160.78 -395.909 27.8 104.102 -406.859 63.3 -232.228 -811.569 -102.5 159.922 -805.599 -54.4 66.478 40.429 2863.7
0.1327 11.974 698.947 -1.9 -6.729 488.007 51.9 -166.85 498.267 34.8 153.396 477.747 69 -330.754 255.297 17.6 363.596 279.357 5.5 -470.704 22.243 -109.8 531.206 159.717 -209.5 -25.761 264.947 96.3 -149.516 48.602 129.5 59.936 35.185 151.9 -164.121 -395.273 24.2 111.826 -408.473 58.4 -234.804 -809.163 -91.5 156.956 -800.063 -47.1 68.784 38.953 2858.4
0.141 16.388 678.154 -11 -5.689 470.564 50.3 -165.743 482.774 33.7 154.364 458.344 66.9 -340.086 250.144 9.5 383.094 293.194 -12.6 -496.656 28.088 -124 552.324 204.454 -239.7 -28.034 249.584 103 -155.033 36.585 144.9 54.274 20.611 166.6 -169.972 -399.516 12.3 117.924 -415.946 50.7 -236.046 -812.446 -94.7 151.074 -800.076 -47.7 73.116 38.976 2856
0.1487 21.885 662.806 -20.7 -0.839 459.026 49.4 -160.822 472.166 32.6 159.148 445.886 66.2 -346.172 251.666 -0.7 399.418 308.176 -28.3 -522.882 44.944 -133.9 571.388 258.496 -265.9 -25.328 240.906 112.1 -154.425 31.373 163.7 54.788 14.192 185.7 -175.183 -398.124 11.3 126.118 -415.504 49.9 -233.382 -804.434 -88 148.618 -792.664 -43.5 77.692 35.404 2850.5
0.1567 29.045 648.043 -24.7 6.273 447.783 49.3 -153.743 461.463 33.2 166.285 434.093 65.4 -348.005 256.153 -9.5 415.795 332.933 -42.8 -539.245 58.374 -136 585.055 303.263 -292.6 -19.21 231.773 118.9 -149.33 24.712 178 59.945 6.82 199 -181.205 -393.207 -1.1 132.015 -413.967 38.6 -235.035 -801.187 -88.2 148.065 -787.917 -46 79.775 29.367 2845.9
0.1642 34.973 633.954 -33.8 10.999 437.144 50.2 -148.748 448.664 30.6 170.743 425.624 69.8 -356.967 258.824 -14 419.413 356.554 -48.6 -561.327 74.018 -135.6 584.243 351.844 -308.6 -14.143 224.804 130.2 -143.781 20.004 197.3 65.213 4.935 223 -194.557 -382.936 -8.3 138.503 -410.076 47.6 -235.967 -791.646 -78.1 146.283 -774.816 -32.4 87.727 22.036 2839.7
0.1718 40.28 612.633 -43.7 18.83 422.233 50.4 -141.154 433.433 32.4 178.82 411.043 68.4 -362.94 264.263 -17.6 428.75 377.703 -54.8 -579.47 90.1324 -130.2 583.23 409.583 -322.9 -5.89 214.113 140.7 -135.22 13.3124 219.3 74 -1.3282 242.8 -206.52 -368.757 -16.1 144.95 -399.187 33 -245.42 -780.977 -72 144.11 -772.657 -33 91.87 6.1266 2833.9
0.1792 45.094 590.269 -55.3 22.684 403.779 48.6 -137.4 415.399 31.6 182.774 392.159 65.5 -367.546 255.57 -15 432.804 383.849 -64.7 -593.246 93.3525 -122.7 575.014 452.959 -331.5 -2.758 200.879 149.8 -132.878 5.5742 239.9 76.474 -9.6214 262 -229.056 -350.581 -24.1 141.944 -395.43 28.7 -260.176 -761.02 -70.5 133.064 -758.071 -30.3 96.546 2.6005 2827.7
0.1873 50.5 577.05 -62.4 30.55 391.58 47 -129.963 400.83 33.3 191.06 382.34 60.6 -371.32 255.3 -14.6 440.85 393.54 -71.9 -601.14 100.108 -122 566.9 494.1 -341.5 9.88 191.26 154.5 -115.793 -3.021 253.1 94.2 -15.114 270.9 -225.64 -332.9 -38.5 159.02 -388.47 17.5 -259.33 -752.79 -72.6 144.36 -751.9 -32.1 100.37 -6.28 2822.9
0.1951 57.59 562.06 -61.5 39.53 375.94 49 -121.241 384.56 38.2 200.31 367.31 59.7 -366.11 242.29 -14.4 448.97 394.45 -73.5 -602.27 94.4214 -115.4 546.06 536.83 -338.2 21.48 176.75 159.4 -101.715 -16.7896 262.8 108.56 -28.0696 276.9 -238.59 -332.44 -34.2 154.82 -391.76 6 -283.3 -746.8 -78.2 136.57 -749.54 -31.1 102.66 -9.8104 2816.5
0.2034 63.78 557.743 -61.4 47.56 369.563 47.9 -113.382 377.523 39 208.49 361.593 56.8 -365.68 238.363 -15.6 450.87 399.453 -75.2 -606.12 90.572 -108.4 524.5 577.213 -326.8 31.56 170.493 159.1 -89.666 -23.356 264.5 120.8 -33.769 276.1 -250.75 -320.407 -40 154.07 -391.647 -5 -308.12 -723.417 -89.3 132.84 -735.297 -29.3 104.45 -20.633 2812.7
0.2114 70.77 542.025 -59.3 57.32 354.335 48.1 -103.715 362.465 41.3 218.36 346.195 55 -359.25 226.185 -17.7 457.02 400.235 -79.5 -607.26 86.751 -107.7 507.82 605.055 -315.1 42.52 155.365 159.8 -77.58 -38.287 267 133.03 -48.926 276 -258.04 -335.065 -27.9 155.72 -410.355 -2.4 -330.61 -707.625 -95.9 130.39 -732.225 -27.9 103.14 -25.325 2809.7
0.2191 72.19 531.736 -67.9 60.92 345.516 43.1 -100.196 352.206 36.4 222.04 338.816 49.8 -352.96 212.736 -15.9 460.67 398.766 -83.3 -605.59 76.525 -99 483.17 625.446 -300.1 47.94 148.566 158.5 -70.398 -43.995 269.5 140.32 -52.747 278.3 -275.5 -336.774 -13.1 154.18 -415.754 1 -358.58 -687.044 -102 126.95 -716.844 -24.4 104.9 -30.306 2807.4
0.2273 82.05 530.904 -69.4 72.44 344.944 40.7 -88.72 349.134 33.2 233.6 340.754 48.2 -340.51 218.534 -16.2 470.3 404.554 -86.9 -590.46 76.154 -90.2 460.05 652.864 -274.1 61.89 148.624 157.4 -54.055 -44.967 269.3 156.74 -50.446 279.1 -275.59 -335.246 -4.2 164.65 -408.506 -4.9 -377.36 -672.996 -112.1 135.43 -707.566 -26.6 100.47 -45.314 2806.5
0.2355 89.039 518.695 -72.2 81.209 334.145 40.5 -79.959 336.705 32.4 242.389 331.575 48.6 -334.491 213.425 -22.9 479.919 402.925 -82.2 -582.841 63.635 -81 430.819 656.935 -250.3 72.089 139.82 160.6 -42.43 -52.825 275.5 168.359 -56.185 286.1 -280.391 -339.415 11.8 169.079 -406.365 -7.6 -404.741 -656.725 -118.5 131.619 -705.515 -18 97.951 -51.805 2804.5
0.2431 90.713 519.331 -71.8 84.613 331.451 37.8 -76.58 332.071 29.8 245.813 330.831 45.8 -328.767 204.871 -24 484.433 406.621 -79.6 -576.107 52.7098 -77.8 391.903 656.021 -227.9 77.973 135.89 156.1 -34.075 -59.269 269.2 176.753 -60.069 279.7 -285.517 -340.789 12.2 171.733 -401.579 -24 -434.517 -638.219 -142.4 130.683 -695.139 -28.1 97.507 -58.061 2803.3
0.2512 97.208 520.218 -69.9 92.278 331.728 37.5 -68.915 331.428 29.2 253.468 332.038 45.8 -323.852 196.858 -26.7 488.748 411.738 -75.6 -571.712 41.087 -71.4 355.818 642.778 -213.6 86.608 135.53 154.8 -24.476 -60.872 266.7 186.338 -60.472 277.6 -288.622 -334.372 13.6 176.308 -397.622 -31 -460.872 -625.842 -150.5 133.198 -686.872 -23 93.222 -66.448 2799.9
0.2592 101.974 518.992 -78.5 97.814 330.202 32.9 -63.369 328.802 24.3 258.994 331.592 41.4 -317.286 182.372 -26.2 490.514 414.312 -73.6 -570.646 30.377 -61.5 327.634 625.852 -200.5 93.184 135.282 152.4 -16.847 -60.548 266.3 193.954 -58.718 277.4 -292.286 -331.828 22.9 194.504 -326.948 -46.9 -481.566 -613.378 -152.8 139.954 -674.068 -17.9 90.966 -70.672 2797.8
0.2669 106.303 515.139 -86.1 107.103 329.999 27.8 -53.793 324.479 17.1 268.003 335.509 38.5 -307.987 186.079 -31.3 498.413 419.029 -68.5 -562.707 34.142 -61.9 309.053 609.979 -181.3 105.673 136.219 149.2 -1.022 -61.171 263.6 209.503 -53.951 277.6 -284.297 -333.881 30.8 212.143 -290.631 -55.6 -487.627 -606.531 -157.7 150.363 -664.191 -16.1 84.797 -84.699 2799.1
0.2832 103.273 507.009 -84.6 108.153 323.539 29.4 -52.471 313.999 17.7 268.773 333.079 41.2 -309.927 179.511 -29.5 506.273 414.479 -50 -560.907 20.934 -56.7 296.713 580.569 -161.6 110.663 130.459 151.9 8.123 -68.861 266.7 218.223 -56.381 282 -283.707 -339.071 41.5 215.773 -272.791 -66.6 -501.907 -598.801 -157.7 147.883 -656.071 -15.4 83.317 -91.799 2795.4
0.2962 110.108 515.55 -84.6 115.348 330.77 26.1 -45.082 320.43 12.3 275.788 341.11 39.9 -301.162 183.812 -33.3 515.928 415.83 -26.6 -551.312 23.075 -60.7 299.058 560.4 -159.9 117.548 136.167 146.1 14.849 -65.2 257.2 224.648 -51.67 275.2 -284.612 -332.54 38.5 214.538 -256.55 -86.2 -514.692 -587.46 -167.8 147.588 -642.69 -24.6 75.382 -107.97 2794.3
0.3124 114.411 522.52 -92.8 121.981 341.36 22.6 -38.166 328.53 7.5 282.121 354.19 37.7 -291.659 196.409 -34.4 528.891 423.39 -6.5 -542.189 36.426 -61.3 313.361 549.27 -161.5 125.641 149.464 146.9 24.578 -50.82 261.2 234.021 -34.04 281 -275.269 -326.93 54.5 227.671 -224.91 -81 -507.199 -570.12 -155.1 159.201 -614.48 -9.7 66.729 -128.47 2791.9
0.3256 113.404 517.97 -103.2 122.764 339.97 17.8 -36.944 324.06 1.2 282.474 355.89 34.4 -287.946 187.892 -37.4 520.324 416.85 7.6 -540.186 29.02 -54.5 325.434 521.55 -176.7 128.304 150.709 145.9 29.396 -48.96 263.1 238.294 -28.15 284.9 -263.666 -334.89 60 227.414 -221.91 -88.8 -502.646 -575.9 -152.5 161.184 -604.7 -12.1 60.436 -132.9 2788.6
0.3336 109.623 520.72 -108.9 121.543 344.59 14.9 -37.593 325.07 -3.1 280.683 364.11 32.9 -286.217 192.528 -41.8 515.913 426.99 13.8 -537.527 32.03 -51.2 341.763 512.7 -195.5 129.763 157.084 145.5 33.891 -43.19 264.3 242.053 -17.66 287.8 -246.857 -344.44 66.6 237.313 -211.26 -92 -494.777 -577.44 -147.8 166.693 -596.15 -10.2 55.937 -145.51 2787.4
0.3517 106.719 529.62 -108 118.179 348.8 13.4 -40.137 325.89 -7.4 276.499 371.72 34.3 -294.141 178.783 -42.3 514.429 426.54 29.5 -547.011 20.28 -53.7 365.819 502.71 -199.8 128.439 160.429 142.6 35.144 -42.93 258.2 242.239 -12.96 285.5 -239.121 -354.11 66.6 234.779 -208.14 -99.4 -497.571 -575.3 -156.1 165.469 -591.58 -13 54.021 -143.77 2782.6
0.3676 106.132 530.65 -111.8 119.692 351.1 9.7 -38.0757 325.12 -11.9 277.462 377.09 31.2 -292.548 179.798 -46.2 521.232 436.67 34.2 -546.788 23.13 -59.3 395.582 515.26 -208.6 132.702 163.828 140.3 42.556 -40.44 256.7 248.872 -6.45 284.9 -232.428 -361.58 84.1 239.872 -210.91 -101 -497.588 -575.79 -153.4 174.722 -591.63 -8.8 45.478 -152.78 2783.4
0.3852 101.199 520.66 -110 115.679 341.35 10.7 -41.5672 313.68 -12.6 272.929 369.03 34.1 -300.611 174.288 -48.5 515.779 434.24 39.7 -553.531 15.54 -57 405.659 526.7 -213.7 129.489 153.523 140.5 40.483 -52.4 254.9 246.119 -16.21 285.4 -238.391 -366.12 74.4 244.889 -216.58 -111.8 -505.001 -582.72 -158.9 175.309 -597.94 -9.2 46.581 -148.78 2781.6
0.4002 96.099 511.6 -106.3 111.479 332.17 12.9 -45.6962 304.09 -10.7 268.659 360.26 36.4 -306.111 170.075 -48.8 513.079 436.05 38.2 -556.371 8.71 -54 401.739 543.12 -209.8 125.889 143.663 141.6 37.539 -63.21 254.9 243.069 -26.49 285.6 -246.441 -369.91 69.9 239.419 -221.3 -111.4 -509.751 -585.3 -158.5 173.129 -598.98 -8.1 46.601 -141.82 2779.4
0.4129 93.711 512.5 -107.4 108.761 331.15 11.5 -48.2615 302.72 -12.7 265.781 359.59 35.7 -310.269 165.307 -47.4 509.821 424.3 37.1 -556.739 0.38 -50.9 385.521 548.77 -196.7 123.221 142.216 139.5 35.01 -65.32 251.8 240.361 -28.13 283.4 -249.359 -373.51 69.5 236.701 -220.23 -108.1 -510.729 -582.93 -161.4 172.551 -596.07 -9.4 46.019 -133.68 2778.7
0.4208 92.284 514.36 -100 107.184 329.84 12.8 -49.7107 301.63 -12.5 264.084 358.04 38.1 -313.436 166.746 -50.4 501.604 418.76 36.9 -561.466 3.99 -57.6 357.384 560.05 -173.7 121.454 138.617 137.4 33.124 -71.05 245.5 238.324 -34.16 278.6 -245.136 -390.73 74.5 234.944 -231.55 -104.8 -508.706 -595.87 -159.5 175.874 -609.97 -10 47.326 -132.44 2781.5
0.4346 92.381 517.39 -99.6 105.901 331.7 11.2 -51.2924 304.71 -13.6 263.091 358.69 36 -313.489 170.11 -50.5 503.031 418.61 41.6 -564.559 13.53 -60.9 328.661 554.78 -144.1 119.571 139.243 133.9 30.447 -70.86 240.5 236.041 -35.57 272.9 -249.049 -390.29 70.5 233.381 -231.07 -103.8 -506.419 -589.3 -156.2 173.341 -607.78 -15.4 48.929 -127.95 2784.6
0.4422 87.468 525.77 -100.8 102.208 337.59 8.2 -55.1639 310.99 -15.9 259.578 364.2 32.3 -315.012 173.915 -52.1 494.748 415.66 42.5 -566.692 18.13 -63.8 303.748 555.11 -117.1 116.508 143.761 128.7 27.898 -67.47 233.5 233.718 -32.67 265 -249.532 -391.18 68.1 235.248 -225.71 -103.3 -499.682 -592.12 -152.5 170.228 -606.06 -20.1 51.722 -124.83 2788.6
0.4548 84.309 521.71 -102.5 97.839 334.23 6.1 -59.7882 308.31 -17 255.479 360.16 29.2 -322.951 172.399 -50.9 515.589 402.61 64.8 -571.451 11.68 -63.7 310.109 532.61 -96.5 112.579 139.108 124.4 24.234 -72.97 227.7 230.399 -39.07 257.9 -253.191 -395.59 60 238.719 -237.84 -102.6 -491.981 -606.9 -146.8 168.709 -619.02 -20.5 56.791 -112.85 2792.2
0.4691 77.166 523.12 -108.1 90.686 337.41 2.7 -67.4306 312.66 -18.2 248.806 362.16 23.5 -327.374 173.458 -40.6 506.766 402.49 45.8 -573.834 12.711 -66.4 297.696 545.16 -105.7 105.786 141.836 120.3 17.478 -69.92 224.2 224.306 -37.55 251.5 -261.704 -390.44 55.3 238.496 -243.28 -99 -484.834 -612.71 -138.9 159.496 -624.87 -18 62.784 -105.68 2797.2
0.4772 70.118 520.001 -99.8 84.088 332.291 6.1 -74.4642 308.991 -13.1 242.648 355.581 25.2 -333.482 166.545 -28.9 494.078 403.531 39.3 -581.172 12.055 -78.2 289.828 553.291 -116.9 99.408 134.582 119.9 11.027 -78.359 221.3 218.408 -47.889 246.3 -266.262 -397.079 46.1 236.528 -257.979 -89.1 -471.382 -630.049 -135.7 152.528 -643.779 -18.1 69.662 -89.141 2798.7
0.4853 64.68 512.511 -109.6 79.44 329.641 4.4 -79.4634 306.731 -12.1 238.34 352.561 20.8 -334.72 165.482 -21.9 484.56 422.031 36.2 -580.92 16.166 -86.3 290.88 552.641 -145 95.28 134.785 122.9 7.197 -75.059 230.7 215.03 -45.089 252.2 -270.63 -391.469 52.1 239.1 -257.229 -73.2 -449.53 -634.199 -115.7 151.1 -644.129 -8.7 74.85 -78.811 2803.3
0.4934 55.33 508.363 -106.2 72.24 324.743 6.6 -86.9769 301.903 -6.2 231.46 347.583 19.5 -345.89 162.94 -17.1 469.75 437.183 22.4 -588.54 16.198 -97.5 287.48 548.853 -180.3 90.85 129.17 123.6 5.32 -81.347 232.2 213.59 -51.467 249 -269.99 -397.597 49.5 236.23 -273.637 -77.1 -416.79 -656.317 -115.9 145.23 -665.087 -19.4 82.44 -64.103 2806.3
0.5013 46.216 513.994 -95.6 65.966 326.604 9.5 -93.4006 303.634 -1.4 225.326 349.574 20.4 -351.214 169.664 -10.8 458.116 454.234 13 -589.014 23.369 -104.4 298.596 548.864 -211.9 86.926 128.23 121.2 3.684 -85.166 225.7 212.096 -55.126 239.9 -274.164 -383.916 20.8 229.356 -282.086 -83.2 -376.604 -672.616 -108.3 138.356 -672.306 -26.8 86.454 -52.224 2809.9
0.5094 35.1 516.993 -89.8 57.27 328.613 11.7 -102.261 305.853 2.9 216.8 351.383 20.4 -358.86 175.953 -5.3 453.81 475.203 10.6 -591.88 29.867 -113.6 329.24 548.533 -242.4 79.83 128.735 120.3 -1.932 -86.037 223.3 206.71 -56.257 234.7 -274.16 -387.647 14.2 199.9 -361.467 -50.6 -332.29 -677.067 -89.1 128.33 -681.797 -22.8 90.96 -46.223 2812.3
0.5175 25.587 517.995 -99.8 49.417 330.485 6.8 -109.993 306.435 -0.7 208.837 354.535 14.4 -362.483 176.715 -3.8 448.847 482.365 -2.8 -582.993 31.7809 -130 361.437 522.165 -274.6 74.047 132.219 118 -5.568 -81.765 224.3 202.917 -50.316 234.2 -255.693 -397.045 9 182.697 -405.755 -12.8 -280.683 -675.205 -69.2 125.347 -681.785 -21.7 93.533 -32.865 2817.3
0.5255 14.091 518.734 -107.8 41.901 335.844 3.6 -117.119 309.054 -2.6 200.921 362.634 9.8 -372.109 188.894 -0.6 444.051 490.734 -13 -577.789 41.304 -145.1 391.921 495.404 -296.4 70.461 139.904 117.9 -4.982 -73.566 228.1 203.021 -38.522 236.2 -231.009 -399.886 3.6 179.091 -416.356 2.8 -223.489 -682.786 -45.9 127.611 -697.806 -26.2 96.639 -29.474 2821.8
0.5336 -1.73 521.273 -102.8 30.16 337.773 4.6 -128.748 309.923 0.9 189.08 365.633 8.3 -381.48 194.943 11 435.11 489.823 -20.2 -573.82 47.946 -152.8 410.1 465.483 -307.8 62.17 140.583 115.8 -9.756 -74.821 224.5 198.09 -38.39 229.3 -220.54 -406.997 -6.9 166.92 -422.767 -4.6 -176.694 -701.717 -26.1 119.47 -713.617 -40.1 101.22 -22.223 2825.1
0.5418 -16.903 527.613 -101.4 16.75 343.023 5.1 -142.137 314.783 3.4 175.64 371.253 6.8 -396.86 207.073 18.8 419.93 499.003 -31.4 -571.73 57.666 -166.9 415.64 438.853 -312.2 50.62 145.843 115.8 -19.411 -69.802 225.4 188.39 -32.874 227.6 -234.92 -345.837 -44.9 153.42 -426.257 3.6 -138.496 -713.197 3.5 110.11 -714.877 -37 106.73 -18.213 2826.8
0.5501 -32.039 532.964 -100.3 6.18 348.474 5 -152.35 318.274 5.2 164.71 378.684 4.9 -405.83 214.064 24 414.07 495.024 -40.1 -554.2 64.079 -183.1 412.52 417.804 -316.5 43.83 151.424 114.7 -22.201 -65.385 224.5 185.15 -25.874 224.3 -227.03 -324.406 -55.1 158.6 -421.976 0.7 -104.821 -720.586 23.1 111.54 -718.096 -42.2 109.26 -15.634 2827.8
0.5581 -47.175 538.571 -90.9 -3.44 352.141 7.4 -161.555 320.091 10.6 154.68 384.191 4.2 -415.88 222.321 22.5 411.09 477.741 -33.6 -536.15 69.877 -198.9 395.78 395.601 -311.5 38.88 153.761 112.8 -22.205 -65.572 220.3 184.62 -23.649 216.1 -212.52 -323.069 -51.2 163.7 -425.979 1.7 -86.417 -724.659 25.9 113.98 -727.789 -45.5 109.56 -13.091 2828.9
0.5661 -59.694 540.988 -91.6 -13.871 357.128 10.1 -171.597 323.218 14.1 143.85 391.038 6.1 -425.71 232.248 31.3 386.77 499.968 -41.7 -512.1 83.621 -208.3 369.81 387.738 -305.6 31.19 160.158 117.1 -26.876 -58.988 226.7 179.39 -14.644 221.4 -206.851 -317.052 -37.1 164.09 -416.942 5.4 -82.298 -718.342 34.5 112.63 -725.232 -35.4 110.05 -16.638 2825.9
0.5743 -78.005 538.796 -95 -25.143 359.736 10.4 -181.422 320.136 15.3 131.14 399.336 5.6 -435.17 241.996 43.1 368.07 517.866 -46.4 -481.46 101.997 -212.7 336.9 379.496 -296.6 27.44 165.436 118.6 -22.239 -54.763 230 182.27 -2.941 223.7 -188.704 -313.494 -44.8 181.86 -401.164 -0.1 -69.928 -717.644 32 126.02 -721.324 -36 110.83 -23.176 2826.5
0.5825 -90.112 547.861 -91.2 -35.746 370.261 15 -191.604 328.851 20.1 120.11 411.681 9.9 -441.2 261.491 52.1 355.42 517.931 -53.6 -449.74 124.036 -209.7 289.41 380.831 -282.7 19.06 177.471 124.9 -28.027 -42.403 238.2 175.75 11.744 231.6 -196.31 -300.679 -48.5 190.02 -375.209 -10 -70.422 -714.259 42.3 129.32 -706.969 -36.4 110.52 -35.581 2822.2
0.5906 -105.345 548.295 -78.6 -48.418 368.605 21 -203.533 324.455 26.2 106.7 412.755 15.9 -443.48 255.415 58.8 341.83 514.125 -65.6 -420.79 129.931 -208.8 240.93 368.665 -274.2 10.44 173.995 125.4 -32.122 -49.482 233.2 170.74 8.258 226.4 -187.394 -311.595 -60.3 221.29 -366.135 -27.4 -60.949 -722.875 39.6 160.75 -700.835 -50.2 113.16 -34.945 2819.9
0.5988 -121.827 553.541 -80.7 -62.431 375.261 23.1 -217.01 329.291 29 92.15 421.231 17.2 -446.15 266.011 62.2 329 511.381 -73.5 -390.13 154.951 -204.7 180.61 370.531 -262.5 -0.93 182.051 128.7 -40.5 -41.23 238.1 161.65 18.89 230.4 -189.957 -302.859 -55.5 248.88 -352.009 -17.9 -65.735 -708.509 53 191.88 -676.399 -45.4 115.49 -44.281 2817.1
0.6172 -136.391 558.387 -79.7 -81.631 377.757 23.6 -237.22 335.997 32 73.96 419.527 15.1 -454.79 263.247 42.4 303.29 492.417 -86.9 -357.72 174.237 -212.9 109.68 372.527 -251.9 -23.688 183.127 128.6 -67.53 -38.82 239.2 136.04 15.822 228.2 -210.221 -305.843 -70.3 263.82 -344.613 -16.8 -86.609 -702.163 47.9 217.46 -682.773 -61.6 122.94 -50.857 2814.8
0.6323 -161.097 563.927 -82.7 -103.681 384.147 21.3 -259.01 341.727 31.8 51.65 426.567 10.8 -466.64 258.747 21.6 271.4 487.847 -104.6 -338.09 191.817 -217.2 40.39 385.927 -237.6 -43.683 190.657 127.4 -85.24 -30.569 240.3 117.87 24.895 226.6 -204.027 -294.683 -68.9 291.29 -318.613 -12.8 -86.721 -686.843 47.2 268.72 -666.073 -61.5 131.72 -63.067 2814.5
0.6432 -176.881 567.223 -81.1 -121.366 384.153 21.1 -277.05 343.093 32.2 34.31 425.203 10.1 -477.11 236.443 1.7 239.91 461.983 -124.8 -313.49 201.613 -228.9 -20.75 387.173 -215.3 -62.599 189.583 126 -105.623 -31.826 238 97.96 21.86 223.5 -210.755 -299.577 -87.4 302.06 -306.947 -13.9 -100.103 -685.157 41.2 317.24 -662.477 -60.1 138.65 -66.593 2811.8
0.6603 -198.349 579.095 -68.7 -142.562 392.755 24.6 -298.08 352.115 38.8 12.96 433.395 10.4 -487.83 234.165 -10.5 189.2 440.865 -141.8 -299.64 217.855 -233.1 -89.387 395.255 -200.4 -82.053 196.185 124.4 -123.252 -26.975 233.6 80.17 26.186 215 -212.098 -294.745 -93.5 315.71 -293.625 -5.4 -106.772 -674.035 40.3 372.49 -651.835 -63.1 152.04 -80.725 2808.8
0.6715 -207.056 587.756 -61.7 -151.524 397.726 26.7 -307.09 358.186 43.3 4.04 437.266 10 -468.16 223.346 -19.5 140.36 418.156 -159.1 -275.86 221.496 -244.2 -147.814 395.056 -195.5 -90.82 199.326 122.7 -131.846 -24.934 229.7 71.62 26.78 207.9 -214.517 -286.794 -97.4 330.04 -287.164 3.9 -112.854 -661.934 40 423.95 -647.064 -60.8 156.23 -89.616 2806.6
0.6833 -215.679 593.553 -58.1 -160.285 402.133 25.3 -315.78 363.353 44.3 -4.79 440.903 6.3 -447.43 212.793 -31.2 98.34 394.673 -175 -248.273 220.923 -249 -191.681 385.853 -204.1 -99.111 202.783 119.2 -139.62 -21.927 225.4 63.75 28.785 200.6 -218.411 -273.637 -101.2 342 -282.367 19 -116.579 -655.207 40 469.7 -639.077 -63.4 156.94 -93.423 2805.8
0.6908 -226.44 599.91 -41.3 -168.325 406.86 32.7 -323.41 366.24 51.3 -13.24 447.48 14.2 -416.75 221.4 -46.7 41.12 380.85 -181.2 -224.739 220.33 -255.4 -245.833 381.79 -221.9 -105.109 204.919 119.1 -143.309 -23.58 217.6 59.52 29.544 193.3 -211.314 -278.84 -103.8 355.28 -280.1 39 -110.398 -662.13 41.3 513.25 -641.17 -65.8 162.04 -106.71 2804.5
0.6989 -230.317 611.28 -36 -170.621 415.7 34.8 -325.31 375.96 57.7 -15.93 455.44 12 -385.72 217.65 -62.5 -22.27 372.34 -189.2 -193.757 215.22 -271 -308.49 369.42 -235.6 -106.134 213.221 119.2 -142.835 -15.25 218.4 59.54 36.736 188.5 -209.928 -258.28 -95.7 364.86 -275.41 58.7 -113.471 -633.93 46.8 541.15 -626.28 -63.2 162.33 -114.3 2802.9
0.7073 -234.146 607.54 -24.9 -171.999 412.73 44.3 -323.54 378.58 84.1 -20.46 446.88 4.5 -359.78 215.043 -76.4 -79.492 356.16 -202.7 -164.115 210.742 -282.4 -363.43 345.84 -248.1 -104.974 209.69 125.2 -137.656 -15.82 232.4 61.76 29.118 180 -204.34 -264.91 -84.5 368.37 -290.42 71.6 -112.611 -632.73 54.8 560.53 -636.9 -62.9 165.87 -116.86 2804
0.7148 -238.94 614.64 -17.1 -176.186 418.58 50.4 -324.81 388.43 102.5 -27.56 448.73 -1.7 -334.75 227.86 -86.2 -129.07 351.89 -209.3 -137.623 206.702 -291.4 -411.18 320.48 -263 -107.173 215.564 129.8 -135.363 -7.17 243.3 59.04 32.266 175.2 -212.101 -249.27 -97.1 365.34 -295.36 94 -118.736 -617.68 50.1 561.54 -626.62 -56 168.72 -122.3 2801.9
0.7227 -233.844 606.68 -11.9 -169.797 411.43 52.6 -314.98 382.75 114.7 -24.61 440.12 -9.6 -309.45 229.84 -94.8 -170.558 353.26 -219.8 -108.263 204.266 -298 -447.37 293.7 -275.7 -97.237 208.267 128.3 -119.517 -13.64 244.6 70.16 23.84 163.4 -197.797 -250.43 -118.2 373.76 -311.36 105.3 -101.615 -626.14 49.4 575.74 -636.47 -56.2 166.3 -127.59 2803
0.7306 -233.832 604.03 -11.9 -168.545 407.85 51.1 -312.81 378.54 116.2 -24.27 437.16 -13.9 -291.02 233.82 -113.6 -203.559 349.01 -220.6 -85.406 199.396 -302.6 -473.33 262.32 -286.4 -94.063 204.588 124.8 -113.679 -17.79 240.8 74.52 20.44 156 -200.72 -246.57 -120.5 374.71 -320.78 114.7 -107.129 -618.42 44.3 573.24 -629.46 -53.5 166.42 -127.19 2803.2
0.7383 -233.634 605.89 -12.3 -168.176 408.78 47.9 -311.65 379.45 115.2 -24.7 438.12 -19.4 -272.82 235.25 -119.4 -230.085 342.34 -226.4 -66.27 199.693 -304.7 -496.85 237.43 -298.8 -92.613 205.479 120.3 -110.746 -16.98 236.8 76.65 21.33 148.9 -198.91 -243.45 -119.2 374.76 -323.58 123.6 -110.614 -617.87 40.7 573.63 -627.78 -57.2 165.51 -124.94 2803.2
0.7463 -229.348 603.18 -13.2 -164.283 407.25 44.8 -307.89 377.43 111.9 -20.67 437.08 -22.2 -261.993 237.06 -129.6 -245.628 335.11 -231.1 -57.14 202.641 -311.5 -511.89 221.95 -305.4 -88.583 203.64 116.4 -106.723 -19.46 231.7 80.96 19.52 144 -196.688 -247.25 -123.7 376.55 -328.55 130.6 -109.04 -623.96 36.7 577.76 -636.3 -55.5 164.84 -121.9 2804
0.7544 -233.175 611.76 -14.8 -164.759 414.92 38.1 -308.53 381 102.9 -20.99 448.85 -26.6 -258.449 242.46 -136.2 -247.812 340.03 -227.1 -50.72 209.385 -312 -509.74 218.657 -300 -86.903 210.23 103.7 -103.069 -16.65 211.7 84.98 27.724 127 -197.276 -246.15 -140.8 377.02 -323.68 113.6 -107.952 -620.01 25.9 580.15 -629.11 -72.3 165.46 -124.37 2806
0.7623 -227.141 610.37 -11.3 -158.652 412.41 39.1 -302.58 376.58 102.6 -14.73 448.25 -24.3 -256.972 236.39 -139.8 -240.16 336.19 -220.2 -42.51 212.297 -307.1 -502.98 215.258 -289.2 -79.526 207.577 102.9 -94.49 -20.69 208.2 93.69 26.168 125.2 -197.516 -254.65 -119.4 379.17 -330.72 124.4 -103.854 -617.07 38.5 585.2 -636.3 -65 160.49 -118.35 2804.2
0.7704 -228.693 615.36 -14.5 -158.82 417.82 36.2 -303.94 379.22 95.1 -13.7 456.42 -22.7 -258.88 236.2 -142.1 -230.466 337.59 -223.3 -47.02 217.877 -317.7 -496.59 229.55 -293 -78.57 213.406 100 -93.251 -16.26 202.3 96.61 34.242 125.3 -204.045 -255.71 -116 378.43 -325.65 118.4 -108.714 -614.43 33.9 583.86 -631.14 -66.6 157.63 -118.67 2806.3
0.7783 -229.327 614.76 -14.4 -160.442 418.24 35.4 -306.69 378.63 90.7 -14.19 457.85 -19.9 -279.2 241.88 -141.5 -222.503 338.11 -226.6 -58.279 229.39 -313 -494.98 251.83 -291.3 -81.287 212.906 97.6 -97.76 -18.33 196 93.5 33.471 123.7 -207.58 -262.16 -108.6 373.51 -326.61 97.5 -111.915 -628.52 34.9 579.52 -637.38 -75.3 157.1 -117.63 2806.6
0.7864 -230.307 611.78 -12.8 -163.208 415.51 41.4 -311.22 377.72 93.2 -15.19 453.29 -10.4 -294.61 253.02 -144.6 -203.258 342.1 -222.1 -75.271 230.91 -314.5 -475.66 278.06 -295.5 -87.718 209.939 107.2 -109.023 -20.34 206.8 84.57 29.082 139 -217.071 -261.76 -93.8 368.49 -326.5 98 -120.238 -632.94 51.9 569.55 -637.4 -65.4 153.53 -113.4 2805.1
0.7943 -227.58 607.86 -11.6 -163.23 412.15 48.3 -311.37 379.1 102.8 -15.08 445.21 -6.2 -303.69 251.38 -132.8 -175.547 348.45 -211.6 -98.2 232.44 -318.4 -444.92 311.83 -304.7 -91.612 206.674 118.4 -116.895 -20.43 224.1 76.91 22.811 152.8 -213.237 -258.85 -86.2 367.59 -320.32 78.8 -112.82 -633.44 58.6 572.13 -641.68 -76.4 147.72 -108.55 2803.6
0.8027 -223.465 614.599 2.4 -163.695 416.169 56.4 -308.03 390.159 122.2 -19.36 442.179 -9.4 -328.79 245.609 -118.1 -149.582 345.809 -196.3 -135.047 237.149 -328.4 -404.95 346.949 -315.1 -96.376 207.739 121.7 -123.752 -17.761 230.1 65.64 16.364 143.8 -208.557 -260.921 -85.3 360.5 -311.031 31.4 -107.349 -632.711 49.1 553.13 -643.321 -102.2 141.52 -95.029 2801.1
0.8108 -218.226 620.153 3.5 -161.204 420.763 54.8 -309.04 392.173 111.1 -13.37 449.353 -1.4 -343.08 244.543 -113 -118.02 350.743 -193.7 -182.665 247.503 -347.6 -352.38 391.183 -332.1 -96.313 211.083 118.8 -128.101 -17.297 219.5 65.26 20.103 145.9 -201.984 -274.007 -92.2 366.92 -305.447 41.5 -94.88 -658.397 41 537.72 -636.997 -83.5 136.52 -85.313 2804.5
0.8188 -206.679 610.671 1.6 -151.025 410.791 52.5 -301.88 379.241 97.8 -0.17 442.341 7.1 -362.59 242.211 -106.9 -72.563 351.771 -193.3 -223.691 260.071 -358.6 -291.48 428.131 -344 -87.601 200.931 117.5 -122.882 -29.569 212.1 74.53 11.716 152.8 -186.747 -293.709 -83.1 362.51 -320.559 31.5 -79.195 -679.409 45.5 506.35 -637.939 -71.8 125.28 -75.601 2808.6
0.8271 -182.414 594.489 2 -127.342 393.309 55.2 -280.32 355.179 77.7 25.63 431.429 32.7 -352.6 216.029 -99 -10.123 341.369 -190.3 -259.37 260.859 -358.3 -207.84 446.989 -351.5 -65.409 182.779 119.5 -104.395 -52.892 198.7 97.44 -2.586 169 -162.035 -311.071 -81.5 358.68 -347.381 26.9 -55.259 -696.911 38.3 475.51 -622.611 -48.9 104.53 -44.769 2809.8
0.8441 -159.71 566.161 3.9 -106.338 366.021 62.8 -259.554 323.331 65.8 46.876 408.701 59.8 -359.034 209.701 -87.3 58.306 323.011 -172.7 -296.744 267.681 -352 -118.707 461.931 -342.3 -46.502 156.071 130.8 -86.9704 -81.825 200.8 113.636 -25.934 196.9 -140.135 -344.059 -51.2 348.256 -331.709 -28.2 -37.747 -731.979 50.7 425.386 -618.779 -18.3 83.234 -12.991 2809.7
0.8597 -138.106 535.077 -8.3 -90.466 337.237 61.4 -245.001 295.667 57.3 64.069 378.807 65.6 -373.951 181.177 -78.6 119.789 295.117 -159.5 -327.871 268.497 -339 -26.492 459.407 -340.7 -36.324 128.397 136.7 -82.605 -107.455 209.3 118.239 -53.429 214.7 -132.376 -364.783 -32.4 316.579 -219.663 -90.8 -29.182 -758.253 61.6 364.649 -588.203 -6.4 64.881 29.213 2810.8
0.8769 -122.794 515.711 -13.9 -80.042 317.951 58.5 -235.748 278.831 51.4 75.662 357.071 65.6 -391.628 172.131 -72.8 169.242 281.591 -148.3 -365.308 284.021 -327.2 56.242 467.081 -335.2 -30.948 108.571 135.8 -83.286 -126.287 208.6 119.572 -75.316 217.8 -91.776 -459.809 -12.6 295.032 -152.364 -131.6 -17.412 -786.019 48.1 316.562 -557.629 -10.4 56.078 58.059 2812.4
0.8927 -104.009 499.033 -19.3 -65.283 301.393 55.9 -221.78 264.273 47.6 91.21 338.503 64.1 -402.49 179.493 -56 201.95 277.723 -142.8 -391.48 312.863 -305.6 136.95 487.343 -323.8 -19.766 91.923 135.3 -76.372 -141.764 209.3 127.87 -93.321 220 -63.74 -517.017 6.2 278.44 -102.202 -148.6 -0.502 -818.997 51.2 278.71 -521.837 -4 46.21 76.097 2814.8
0.9059 -86.427 476.731 -22.8 -53.235 279.601 53.7 -210.689 246.151 45.2 104.211 313.041 62.2 -406.549 183.621 -43.5 240.161 266.741 -128.9 -409.649 336.511 -283.6 204.571 495.801 -298 -12.986 69.571 134.5 -75.611 -162.312 209.7 130.131 -118.609 220.8 -51.152 -560.739 21.2 253.151 -69.957 -159.8 1.403 -840.869 45.5 241.781 -493.269 -9.5 38.419 98.179 2815.9
0.9138 -68.851 470.73 -24.8 -40.897 271.69 51.1 -199.319 242.63 43.7 117.531 300.75 58.6 -405.329 189.03 -32.4 268.021 263.1 -118.1 -414.809 360.44 -257.9 251.841 507.5 -269 -5.925 60.55 131.5 -74.521 -169.583 206.9 132.621 -131.586 216.6 -40.0648 -579.16 25.8 229.121 -29.441 -168.9 4.577 -847.08 36.3 217.941 -457.1 -18.3 30.759 115.88 2816.7
0.9218 -58.897 468.01 -25.7 -35.5311 267.24 46.5 -194.843 242.84 41.7 123.777 291.65 51.3 -417.243 198.99 -23.3 294.437 264.99 -103.6 -409.433 393.61 -227.4 275.587 522.7 -235.7 -5.23 54.23 123.7 -79.108 -174.743 197.7 129.247 -142.825 204 -37.1873 -592.95 28.7 200.927 -7.27 -176.8 4.101 -865.37 27 194.337 -440.6 -33 31.413 129.5 2819
0.9295 -50.21 465.34 -28.6 -30.0483 263.19 41.1 -189.908 242.14 37 129.812 284.24 45.3 -426.608 207.36 -10.7 313.732 266.86 -90.3 -385.978 425.83 -187.1 274.592 536.47 -182.6 -3.742 48.75 115.8 -81.941 -179.45 187.8 127.072 -151.928 193.2 -34.6727 -604.99 34.2 180.992 -0.7 -180.5 4.507 -880.88 21 177.202 -437.87 -40.6 29.678 141.39 2821.5
0.9454 -43.274 473.05 -23 -26.327 269.25 37.9 -186.69 252.08 36.3 134.04 286.42 39.5 -431.64 222.2 12.1 334.53 282.36 -74.6 -362.41 447.01 -155.4 255.7 553.32 -138.4 -3.727 51.94 104.7 -86.001 -176.595 170.5 123.75 -154.139 172.6 -34.7724 -605.61 24.5 165.77 -1.16 -198.1 4.689 -888.87 10.1 164.87 -451.25 -61.1 30.08 149.72 2826.8
0.958 -42.6793 487.55 -21.3 -27.1069 282.38 36.7 -187.746 267.47 36.7 133.534 297.28 36.7 -440.276 242.69 30.9 347.814 305.73 -55.8 -342.386 460.81 -134.1 225.354 563.13 -115.8 -6.772 63.38 98.8 -91.461 -165.367 160.8 118.584 -145.873 160.8 -29.8581 -596.3 23.2 154.764 -18.26 -195 3.245 -890.14 11.9 151.314 -477.31 -65.5 33.456 155.29 2829.5
0.9657 -42.3285 513.77 -12 -30.3784 306.59 39.1 -191.3 295.62 36.9 130.55 317.55 41.2 -440.48 284.83 41.7 356.56 334.92 -39 -320.5 481.62 -133.2 203.13 570.82 -112 -16.023 85.25 93.6 -106.917 -143.257 146.8 103.58 -128.912 149.6 -40.3034 -575.4 14.1 140.55 -57.748 -207.4 -8.957 -883.99 6.6 130.82 -519.27 -72.2 39.1 152.62 2833.4
0.9738 -39.2599 533.46 -9.8 -31.417 323.94 42.5 -192.388 315.41 36.6 129.552 332.47 48.5 -441.708 317.16 52.3 362.302 354.24 -22.5 -310.988 494.84 -132.6 191.202 573.16 -108.2 -21.581 101.8 95.2 -117.016 -125.924 144 93.532 -114.768 151.7 -28.913 -556.3 19.5 141.352 -107.157 -207.1 -11.77 -885.21 12.8 123.982 -566.92 -72 43.038 157.54 2837.2
0.9823 -42.1954 561.06 -7.3 -36.759 352.28 46.3 -197.907 346.11 41.2 124.383 358.46 51.5 -447.177 364.54 59 362.833 395.57 -3.9 -313.347 519.47 -140.3 176.413 590.85 -112.4 -29.803 129.29 96.1 -128.201 -97.729 142.5 82.503 -89.655 149.2 -32.744 -525.53 13.4 143.173 -152.748 -217.5 -16.024 -883.81 11.9 118.993 -618.63 -93.5 50.327 149.32 2840.3
0.9904 -44.339 589.65 13.6 -40.647 378.47 55.6 -201.851 373.82 49.8 120.559 383.13 61.3 -445.841 405.15 63.9 366.659 435.19 9.5 -323.741 555.78 -149.2 178.319 616.74 -118.5 -35.531 153.51 94.6 -135.815 -74.504 129.8 74.989 -68.416 137.3 -37.168 -505.12 12.8 145.249 -199.247 -219.7 -20.8 -877.83 -2.2 117.159 -672.19 -119.1 56.431 141.77 2842.2
1.0069 -42.525 608.33 22.7 -40.192 395.66 59.5 -201.474 391.51 55 121.086 399.81 63.9 -448.394 441.21 65.5 363.856 463.2 16.4 -330.034 587.65 -155.7 190.456 642.56 -133.8 -35.295 169.64 92.4 -135.854 -59.1 122.4 75.056 -53.674 128.3 -38.109 -494.28 23.6 149.176 -246.6 -203.4 -18.399 -875.24 -0.7 122.626 -724.07 -128.6 59.164 139.76 2844.5
1.0222 -43.635 619.83 28.9 -41.88 404.99 62.8 -203.184 401.3 58.3 119.426 408.68 67.3 -449.184 466.03 62.5 364.446 483.02 25.4 -339.394 619.08 -157.5 198.236 666.54 -130.9 -37.473 178.22 90.8 -138.541 -50.972 115.8 72.406 -46.147 121.7 -48.243 -488.33 18.4 136.696 -334.76 -165.2 -21.79 -880.06 -2.2 121.706 -769.27 -133.8 63.064 144.46 2844
1.0336 -38.731 626.57 42.1 -39.58 409.67 65 -200.9 407.94 60 121.74 411.39 69.9 -448.2 472.69 57.6 370.11 491.71 28.6 -335.32 641.79 -147.5 207.23 683.59 -124.4 -37.737 182.04 84.2 -141.39 -46.72 100.1 69.6 -44.46 106.6 -53.538 -486.33 10.5 131.03 -394.34 -132.7 -26.879 -886.92 -10.7 115.89 -817.79 -145.9 64.15 151.54 2845.1
1.0415 -32.877 640.41 49.7 -35.546 422.28 65.8 -196.878 422.03 60.8 125.782 422.52 70.7 -441.808 487.23 54.1 371.842 507.73 23.2 -319.208 679.3 -129.4 203.882 713 -103.7 -35.599 194.16 78.8 -141.151 -34.12 88.7 69.852 -33.8 95.1 -42.691 -471.72 0.3 120.132 -426.06 -93.1 -22.907 -886.3 -7.6 114.472 -842.38 -137 64.778 143.89 2844.2
1.0537 -28.382 639.04 54 -33.028 420.43 65 -194.351 421.7 60 128.299 419.15 69.9 -439.901 482.72 44.4 372.929 503.97 19.5 -294.901 696.13 -91.8 198.149 721.7 -72.4 -35.051 192.03 72.2 -142.573 -35.53 76.3 68.429 -37.2 82.7 -24.569 -469.31 -4.9 106.469 -455.6 -63.8 -27.19 -888.99 -10.7 103.989 -859.55 -134.3 67.881 151.34 2843.7
1.0703 -25.793 637.85 60.7 -30.866 418.97 66.3 -192.175 420.5 60.7 130.445 417.43 71.8 -430.635 482.32 39.6 370.285 505.46 14.1 -258.135 695.99 -58.4 192.635 732.65 -22.1 -33.096 190.43 67.9 -140.811 -37.1 65.9 70.155 -39.11 73.2 -8.565 -469.22 0.3 89.795 -474.67 -32.8 -29.112 -903.74 -12.6 97.445 -869.37 -124 70.135 154.2 2840.5
1.0809 -23.723 643.15 65.2 -30.434 424.22 65.5 -191.762 427.12 61.4 130.888 421.31 69.6 -428.112 479.46 44.3 369.848 512.5 15.6 -239.162 693.89 -14.4 186.318 738.64 25.4 -34.466 195.7 62.3 -144.003 -30.92 56.5 67.008 -34.72 61.8 -8.042 -463.13 -3 76.548 -477.9 -30 -37.83 -903.95 -11.7 86.998 -873.87 -119.2 74.842 146.82 2836.7
1.0889 -15.614 655.19 67.3 -26.336 436.24 65.4 -187.6 441.45 61.7 134.93 431.03 69.2 -425.56 475.94 38.6 382.27 500.69 11.5 -225.85 689.28 25.2 186.34 715.58 50.9 -33.562 207.85 58.9 -146.256 -17.14 49.9 64.68 -23.95 54.9 -7.417 -449.99 2.5 72.15 -469.8 -35.9 -41.832 -888.49 -4.1 83.5 -859.09 -110.4 77.92 142.7 2833.9
1.1068 -16.76 661.85 72.9 -25.662 444.05 66 -186.954 449.62 64 135.626 438.48 67.9 -427.054 468.32 44.7 377.856 509.16 11.7 -216.974 680.22 44.3 176.216 714.47 78.5 -33.402 215.85 54.6 -146.618 -8.7 42 64.336 -15.98 44.6 -5.557 -441.84 3.7 76.916 -463.85 -41.2 -43.149 -889.48 -1.3 82.576 -859.25 -110.1 83.714 130.52 2830.5
1.1228 -16.424 660.23 74.6 -24.584 441.77 67.1 -185.888 447.45 66.3 136.717 436.08 67.9 -424.603 457.82 45.2 386.127 502.63 10.8 -208.343 669.42 56.1 180.477 704.66 85.2 -32.565 213.62 54.1 -146.026 -10.8 40.5 64.937 -18.24 41.5 -11.189 -446.59 10.3 74.427 -469.13 -29.5 -47.525 -886.23 5.8 78.827 -855.05 -97.9 86.923 134.6 2827.9
1.1361 -14.182 654.44 74.4 -22.154 435.36 66.1 -183.48 440.63 65.6 139.173 430.08 66.6 -418.807 456.29 46 384.553 502.2 12.2 -204.327 675.41 58.9 178.863 700.1 95.1 -29.564 207.25 51.7 -142.469 -17.41 37 68.523 -24.31 37.6 -10.57 -454.2 6.4 68.153 -475.75 -32.7 -48.057 -894.51 6.4 76.633 -861.81 -95.5 89.967 143.42 2828.1
1.1527 -10.604 653.35 86.9 -18.488 434.96 71.8 -179.831 439.67 70.8 142.855 430.25 72.9 -418.285 459.26 42.3 379.395 506.22 11 -204.285 683.18 53.7 178.275 711.21 94.4 -25.004 207.25 52.3 -137.029 -17.39 32.1 73.985 -23.55 33.5 -9.483 -455.65 3.6 57.285 -476.24 -24.5 -48.367 -896.04 4.5 76.485 -864.23 -94.6 91.375 153.09 2827.2
1.1678 -13.932 649.52 82.1 -20.323 432.52 70.6 -181.693 436.3 70.3 141.051 428.73 70.9 -423.129 465.09 44.6 374.711 524.08 5.4 -223.539 700.75 25.9 179.331 737.19 94.9 -25.637 204.59 53 -136.479 -20.87 35.3 74.581 -25.82 35.7 -12.089 -460.36 12.1 45.921 -479.74 -3.8 -54.253 -908.4 11.7 71.701 -878.64 -89.8 95.679 152.58 2826.2
1.1811 -10.493 643.87 92.5 -16.557 427.14 74.8 -177.926 431.02 75.3 144.817 423.27 74.3 -425.023 477.6 44 377.397 531.08 9.4 -232.423 716.11 4.1 189.127 760.95 67.7 -22.091 199.63 52.7 -133.152 -25.34 30.9 77.897 -30.42 30.3 -15.745 -466.35 1.8 52.197 -484.34 -15.3 -56.572 -908.47 6.8 70.387 -882.32 -98.4 96.783 153.74 2824.9
1.1891 -7.388 642.56 86.4 -14.435 424.37 75.5 -175.79 428.75 76.5 146.921 420 74.5 -428.509 478.39 48.3 383.701 519.14 14 -257.449 722.65 -19.7 210.561 761.26 19.9 -20.717 196.47 58.4 -132.516 -28.57 41.9 78.521 -34.28 40.6 -23.212 -471.27 7.9 53.061 -488.92 -0.1 -61.744 -907.67 19.3 66.211 -880.18 -79.5 97.899 161.28 2823.1
1.1968 -8.601 646.2 83.2 -13.934 428.55 75.5 -175.307 432.32 76.3 147.44 424.78 74.7 -429.22 493.75 53.4 389.89 524.13 21.3 -283.39 736.17 -51.4 244.37 773.41 -27.4 -19.34 200.42 60.9 -130.274 -25.24 46.8 80.78 -30.17 45.7 -26.604 -465.74 -13.6 51.71 -484.28 0.7 -63.463 -905.81 11.4 66.55 -878.95 -81 99.41 156.08 2822.8
1.2046 -8.327 640.1 82.4 -13.307 423.55 77.2 -174.685 426.8 78.7 148.07 420.31 75.6 -428.46 506.83 61.7 393.59 528.53 27.1 -309.44 739.9 -79.3 266.58 776.41 -62.8 -18.026 195.32 63.6 -128.279 -30.79 51 82.79 -35.03 48.9 -34.767 -469.12 -34.1 48.03 -488.88 4.8 -67.817 -908.56 3.7 65.19 -883.34 -79.5 100.56 151.58 2822.4
1.2121 -9.404 638.62 82.2 -13.758 421.52 79.7 -175.133 423.71 82.4 147.62 419.33 77.1 -423.98 509.42 79 399.54 531.78 39.3 -335.57 725.7 -100.5 292.86 755.28 -108.4 -17.047 193.13 68.7 -125.87 -33.83 59.4 85.2 -36.7 55.9 -49.84 -468.81 -53 52.23 -490.45 8.9 -70.853 -896.59 3.2 63.15 -875.94 -76.5 103.54 150.78 2821
1.2293 -10.061 638.5 83.9 -15.186 420.73 83.7 -176.518 423.07 88.1 146.15 418.4 79.3 -419.68 501.61 94 406.58 525.81 52.6 -354.19 693.58 -113.2 304.14 719.94 -135.1 -18.738 192.25 74.6 -127.796 -34.7 68.3 83.22 -37.76 62.6 -86.128 -458.03 -87.5 61.51 -491.42 9.9 -83.329 -887.64 -4.4 54.62 -874.68 -76.7 107.47 154.48 2819
1.2437 -6.48 659.1 88.6 -11.888 441.09 89.6 -173.129 443.28 96.4 149.35 438.89 82.8 -416.27 524.93 106.4 411.86 539.06 68.2 -358.77 677.08 -125.8 311.83 705.96 -144.8 -15.246 212.51 83.6 -124.054 -14.64 82.1 86.85 -17.51 73.2 -103.052 -420.35 -116.9 71.84 -471.5 20.6 -91.672 -858.41 -22.5 54.72 -858.65 -68.6 108.19 135.6 2814.1
1.2565 -5.17 650.54 79.4 -10.746 434 89.2 -171.99 436.64 96 150.5 431.37 82.4 -417.58 529.8 130 414.49 531.37 77.8 -356.27 652.8 -116.1 309.36 685.61 -144.4 -14.433 205.45 90.4 -123.558 -21.38 96.1 87.32 -24.83 87.2 -132.385 -409.31 -176.4 75.76 -477.59 24.5 -102.694 -858.35 -43.2 48.55 -866.62 -56.7 110.04 133.46 2812.3
1.2678 -6.26 648.87 76.8 -11.29 432.87 92.1 -172.467 435.59 100.3 149.89 430.16 83.9 -413.43 527.55 143.8 415.6 526.37 81.8 -331.16 628.1 -105.5 291.76 665.04 -139.7 -14.778 204.44 99.2 -123.668 -22.23 111.7 87.14 -25.78 101 -148.985 -377.3 -210.4 76.43 -474.99 18.3 -111.14 -830.31 -68.7 48.4 -856.76 -55.9 112.69 130.56 2808.3
1.277 1.07 634.76 66 -5.92 419.69 91.3 -166.974 424.16 100.8 155.14 415.22 81.8 -399.94 504.55 155.2 410.57 506.51 74.1 -290.55 592.19 -94.2 257.99 638.73 -132.3 -11.25 191.93 108 -121.914 -32.91 130.9 88.75 -38.76 118.4 -158.882 -352.25 -226.5 77.66 -481.44 8.4 -112.46 -804.76 -82.6 46.71 -867.2 -50 111.61 140.48 2804.9
1.2934 1.35 625.86 62.4 -2.97 411.82 91.9 -163.972 415.13 102.6 158.04 408.5 81.1 -395.55 488.74 158.7 409.71 493.75 69.2 -258.98 579.18 -77 228.15 613.21 -122.3 -6.12 184.49 114.6 -114.569 -40.68 144.4 96.01 -45.013 130.3 -162.785 -319.26 -253 82.37 -481.11 -3 -107.573 -775.52 -108.1 52.51 -870.05 -54.7 113.41 144.76 2802.3
1.3058 3.74 606.99 52.2 0.57 394.1 90.7 -160.502 397.7 100.4 161.65 390.51 81 -398.3 465.33 156.6 412.83 480.3 64.9 -245.36 582.53 -53.6 211.48 606.82 -100.5 -2.6 167.81 121.8 -111.11 -56.136 159.3 99.55 -60.84 146.6 -171.731 -296.74 -263.2 73.4 -487.91 -10.9 -113.125 -754.37 -125.8 45.54 -885.73 -49.8 115.2 152.94 2797.9
1.3178 4.8 593.04 49.4 3.64 379.47 90.8 -157.404 382.7 101.3 164.68 376.25 80.4 -392.68 450.08 148.3 417.89 459.08 57.4 -248.68 602.08 -49.1 213.91 614.31 -74.5 1.49 153.9 127.3 -105.964 -69.562 170.7 104.66 -73.777 157 -172.413 -268.61 -272.9 68.86 -491.07 -23.1 -109.11 -722.43 -141.2 45.63 -887.46 -55.4 113.14 162.05 2793
1.3259 7.86 566.2 47.3 5.88 353.82 90.5 -155.133 357.27 101.4 166.89 350.37 79.6 -395.36 444.19 131.4 416.92 443.2 47.5 -269.16 624.27 -56.1 224.66 624.99 -68 3.72 128.67 130 -103.718 -94.225 176.6 106.86 -98.741 162.3 -174.584 -252.843 -283.8 61.9 -510.38 -29.6 -109.433 -700.75 -157.4 42.92 -910.8 -54.6 112.6 170.87 2791.2
1.3341 11.22 546.09 38.5 7.85 333.96 90.1 -153.076 338.7 101.6 168.79 329.23 78.6 -395.43 429.85 121.8 416.7 422.37 38.3 -312.11 639.47 -56.1 255.65 635.46 -74.3 4.54 110.04 135.8 -104.017 -110.778 189.1 106.47 -116.973 174 -179.247 -225.99 -278.5 55.39 -523.93 -27 -107.172 -668.94 -158.4 42.43 -915.49 -50 112.57 185.67 2787
1.3495 10.84 538.04 45.2 9.34 325.24 92 -151.52 329.03 104.8 170.19 321.46 79.2 -404.3 421.58 110.1 427.27 409.84 24.4 -364.33 648.73 -64.7 300.75 643.96 -92.2 7.57 100.91 136.1 -99.395 -120.94 188.6 110.99 -125.892 171.8 -178.142 -214.121 -289.5 60.75 -529.85 -36 -102.104 -657.1 -171.9 45.65 -920.28 -59.5 109.86 191.18 2784.3
1.3597 10.22 537.31 52.5 12.61 324.46 95.9 -148.317 325.23 108.1 173.53 323.69 83.7 -411.83 419.27 97.1 435.45 403.9 14.7 -429.39 647.29 -81.1 362.21 647.74 -120.3 14.71 99.74 137.9 -88.43 -124.482 187.9 122.07 -125.489 172 -170.986 -202.863 -290.9 71.57 -529.82 -35.5 -95.9673 -647.85 -173.1 55.57 -918.62 -55.2 104.62 187.61 2779.6
1.3682 9.88 542.28 58.5 13.71 327.57 100.6 -147.26 327.54 112.4 174.68 327.61 88.8 -423.61 408.57 81.6 443.04 396.89 -0.6 -498.58 625.96 -93.3 424.28 643.89 -148.4 16.76 102.62 141.6 -85.455 -122.366 190.2 125.06 -122.319 174.8 -175.211 -196.069 -280.3 71.06 -527.03 -31.2 -100.702 -640.56 -168.9 53.05 -909.86 -48.9 102.5 181.87 2774.3
1.3762 8.38 556.93 73.7 12.05 340.94 107.9 -148.875 340.77 120.4 172.98 341.12 95.4 -441.95 394.83 65.9 449.87 388.97 -16.2 -565.05 583.07 -115.4 478.84 621.03 -187 14.92 114.9 141.7 -87.437 -111.265 183.7 123.03 -111.036 167.3 -182.747 -194.56 -283.3 70.7 -517.83 -35 -104.493 -647.81 -168.1 49.79 -893.8 -54.8 103.88 172.9 2771.5
1.3842 14.7 579.83 93.7 14.73 361.69 117 -146.199 362.41 129.5 175.66 360.97 104.5 -450.26 390.7 57 459.65 386.26 -26 -620.64 523.17 -126.6 537.92 579.78 -223.4 15.68 134.62 142.3 -88.612 -91.979 175.8 121.86 -92.922 159.5 -186.672 -198.501 -282.6 70.59 -504.75 -32.4 -111.045 -659.62 -166.5 49.63 -880.4 -51.4 102.22 157.17 2768.7
1.3923 14.56 606.87 100.9 14.24 388.18 120.6 -146.797 388.88 131.5 175.28 387.48 109.6 -448.53 373.89 50.7 460.93 382.7 -35.8 -656.18 450.68 -122.9 586.51 515.2 -250.2 14.65 160.56 141.1 -90.262 -66.61 168.8 120.36 -67.525 154.5 -190.176 -200.245 -281.4 75.25 -485.15 -25.8 -112.862 -668.31 -152.3 49.63 -856.58 -47.2 103.53 139.03 2770.1
1.4001 17.786 624.47 102.6 18.546 406.78 119.2 -142.515 406.08 129.7 179.616 407.48 108.7 -439.154 354.87 43.7 457.576 359.29 -32 -669.364 355.74 -111.8 611.756 439.83 -253.1 20.526 178.73 134.3 -82.827 -49.788 156.2 127.826 -48.872 142.4 -185.775 -219.441 -278 83.526 -469.92 -30.2 -110.118 -686.47 -149.5 60.086 -842.77 -51.9 99.664 123.08 2774.2
1.4083 17.32 643.15 112.8 18.77 424.11 121.1 -142.379 422.77 130.1 179.93 425.45 112.2 -434.72 321.76 43.1 451.64 336.52 -30.3 -662.94 240.64 -88 620.81 344.23 -252.7 21.06 195.73 128.1 -82.045 -33.523 140.9 128.73 -31.771 129.2 -188.73 -233.93 -277.2 83.5 -455.5 -36.6 -119.401 -703.45 -147.4 57.8 -828.67 -56.8 100.02 114.19 2775.9
1.4164 12.27 674.865 115 15.38 452.545 119 -145.791 449.945 127.3 176.56 455.155 110.7 -426.72 284.975 43.9 439.46 316.875 -26.8 -639.54 140.765 -69.9 610.14 253.575 -242.4 19.14 224.045 120.4 -82.495 -6.151 127.2 128.3 -2.748 116.4 -180.435 -244.395 -255.4 81.69 -434.015 -26.5 -127.771 -710.155 -141 54.3 -810.495 -54.9 102.88 98.995 2780.6
1.4245 10.73 695.94 113.6 16.87 474.74 113.3 -144.282 470.53 121.2 178.03 478.95 105.3 -399.81 254.99 49.3 425.27 284.95 -27.6 -589.87 56.86 -34.3 585.33 162.83 -232.7 22.64 246.3 109.2 -76.978 15.099 110.4 133.8 20.6 100 -171.355 -269.04 -246.8 89.56 -414.8 -31.2 -128.523 -729.92 -138.6 50.47 -799.8 -61.6 100.4 83.99 2786.5
1.4326 2.25 705.227 100.5 9.48 484.087 102.8 -151.659 479.017 110.6 170.62 489.157 94.9 -375.24 222.707 64.6 391.3 244.687 -15.9 -536.82 -13.446 -0.9 539.65 65.857 -196.6 16.49 255.597 99 -81.881 23.787 100.3 128.87 30.417 90.1 -172.305 -290.453 -223.8 79 -408.223 -27.8 -136.389 -749.893 -120.2 47.09 -797.253 -59.8 106.53 76.783 2791.3
1.4406 -0.72 717.415 101.3 9.29 496.365 95.5 -151.821 489.535 102.4 170.41 503.195 88.6 -337.84 204.545 76.1 365.42 221.565 -1.7 -469.87 -60.1464 24.5 488.42 -9.191 -153.7 18.52 268.205 85.3 -77.607 35.581 79.6 133.12 44.515 70.6 -161.75 -297.565 -215.6 78.95 -396.125 -38.1 -128.292 -761.285 -112.8 53.44 -784.225 -73.4 102.51 63.185 2796.9
1.4542 -2.015 731.523 98.3 8.674 510.873 88.7 -152.487 503.753 93.8 169.844 517.993 83.6 -306.186 198.793 82.4 345.444 217.333 12 -407.686 -87.656 49.6 432.324 -50.3242 -115.1 18.344 282.813 75.8 -77.378 50.101 66.2 133.414 59.413 59.5 -143.868 -330.277 -158.9 77.734 -384.167 -35.4 -116.322 -764.327 -88.7 53.624 -768.537 -71.9 99.036 48.057 2801.6
1.4676 -2.582 751.34 96.6 7.463 525.31 86.1 -153.699 518.71 92.2 168.613 531.92 80 -281.247 192.85 91.4 319.073 203.61 26.7 -346.187 -109.396 78.3 371.793 -88.395 -85.9 16.283 297.24 72.1 -80.288 64.85 62.1 130.483 73.49 54.2 -139.104 -342.77 -116.6 80.193 -374.44 -19.2 -107.48 -758.65 -59.8 56.943 -754.61 -68.9 97.167 39.58 2804.1
1.4804 -3.115 753.056 94.5 2.214 529.066 82.6 -158.953 524.746 89.9 163.383 533.396 75.2 -256.027 209.286 94.9 303.453 192.506 49.2 -301.837 -100.967 88.6 326.513 -115.133 -57.4 7.623 300.996 67 -92.3724 70.106 56.3 118.433 75.756 46.7 -136.271 -356.924 -80.8 69.793 -373.164 -24 -111.513 -755.994 -58 48.733 -761.124 -75.6 94.167 41.084 2807.2
1.4932 -7.879 765.951 95.4 -0.853 544.831 81.8 -162.041 539.451 88.1 160.334 550.211 75.5 -242.176 233.751 100.4 280.924 231.901 69 -264.906 -81.048 98.7 290.974 -83.103 -17.2 6.063 316.951 64 -92.426 85.551 50.4 118.384 92.591 42.1 -108.694 -355.009 -45.2 66.334 -357.049 -22.1 -95.8582 -749.459 -59.2 62.764 -748.659 -75.7 89.426 24.749 2806.2
1.5041 -6.692 765.879 95.7 1.397 544.659 83.3 -159.816 538.819 88.6 162.613 550.499 77.9 -231.697 224.009 101.9 263.733 231.849 79.3 -242.517 -92.982 95.7 272.523 -87.071 4.7 9.019 316.879 64.4 -88.7814 85.269 49 122.063 92.909 42 -87.7403 -363.211 -11.1 66.663 -357.311 -15.5 -90.5963 -753.951 -56.1 71.233 -747.141 -71.3 83.457 32.831 2805.9
1.5118 -5.425 771.684 97.4 2.539 551.574 84.5 -158.702 546.144 84.7 163.78 557.014 84.3 -224.92 244.324 101.8 247.37 255.294 85.7 -228.84 -73.686 91.5 254.93 -65.598 17 10.187 323.924 64 -87.6585 92.704 43.7 123.33 99.824 43.5 -78.3632 -359.876 4.1 61.67 -350.746 -3.4 -92.741 -755.356 -64.5 73.3 -747.766 -69.5 79.27 20.086 2805.2
1.5197 -2.454 767.275 97.7 5.325 546.835 85.3 -155.929 541.705 82.8 166.582 551.955 87.8 -219.758 231.885 100.3 241.272 241.435 89.9 -222.318 -86.503 85.4 241.092 -79.172 18.2 12.872 319.155 64.9 -85.019 88.125 43 125.862 94.825 46.2 -81.2499 -366.165 5 69.292 -356.025 -5 -91.91 -758.665 -61.6 77.532 -751.495 -67.5 75.078 28.305 2805.9
1.5326 -5.16 765.318 94.8 2.587 545.368 83.5 -158.691 540.188 80.5 163.864 550.538 86.4 -216.996 237.828 96.7 239.204 245.088 95.1 -217.256 -80.479 75.8 230.094 -75.803 24.7 10.264 317.698 63 -87.506 86.648 40.6 123.384 93.418 44.5 -83.52 -368.682 6.2 71.614 -359.022 3.9 -94.166 -764.282 -63 78.044 -752.922 -71.6 72.496 27.452 2807.8
