0 15.862 749.862 115.6 5.922 530.622 97.9 -155.259 539.032 95.7 167.099 522.202 100 -247.331 226.812 45.1 235.579 220.102 36.4 -293.321 -85.556 -20.6 253.949 -91.329 -62.9 -5.573 303.772 71.7 -122.47 82.422 44.2 88.329 71.412 47 -6.066 -356.498 99.1 35.144 -382.588 55 -89.381 -807.138 -76.1 62.329 -779.978 -72.6 64.231 51.148 2798
0.01 17.066 737.543 111.9 6.284 518.463 96.7 -154.828 527.123 92.3 167.392 509.803 101 -268.198 219.023 34.9 265.262 202.633 15 -352.428 -85.737 -42.1 308.982 -97.375 -114.1 -5.295 291.293 73.3 -122.24 69.793 47.1 88.492 58.463 52.8 -9.432 -371.677 81 32.138 -395.137 47.9 -88.931 -820.227 -77.8 62.352 -790.967 -74.1 62.628 57.477 2796.2
0.019 14.569 724.573 114.3 2.112 505.453 100.1 -158.98 514.563 95.6 163.208 496.333 104.6 -296.142 213.263 23.5 287.588 193.073 -9.9 -408.152 -81.925 -61.1 355.578 -90.898 -159.6 -10.181 278.043 79.4 -127.815 56.603 55.8 82.868 44.683 61.6 -16.47 -386.047 79.7 22.877 -408.157 44.8 -89.657 -825.877 -68.4 59.488 -798.197 -68.3 66.352 67.987 2791.5
0.028 16.766 711.086 108 2.85 491.896 101.6 -158.136 502.316 96.3 163.839 481.466 106.9 -317.081 219.316 19.3 311.779 196.696 -27.4 -458.011 -57.007 -82.2 411.149 -56.907 -208.9 -11.467 264.166 88.4 -131.062 43.246 71.8 79.499 29.616 78.7 -20.164 -399.984 79.5 17.01 -422.794 56.5 -91.317 -834.954 -57.4 58.639 -808.034 -56.4 67.671 76.824 2785.7
0.043 19.583 703.045 93.4 3.018 483.775 98.2 -157.853 495.415 92.1 163.885 472.135 104.4 -338.155 225.885 12.3 332.275 206.535 -43.6 -512.895 -12.169 -114 461.075 -9.807 -245.9 -13.375 256.005 95.9 -134.97 35.845 89.6 75.435 20.615 97.7 -27.283 -406.625 65.1 17.827 -430.965 58 -93.92 -835.025 -51.3 54.475 -811.815 -50.2 69.415 84.705 2782.2
0.051 24.189 690.967 78.6 4.003 474.097 94.5 -156.66 487.957 87.8 164.667 460.237 101.2 -355.693 248.917 14.8 355.527 226.697 -57.8 -546.593 38.097 -134.5 508.817 62.497 -286 -15.985 246.957 103.9 -141.045 28.877 109 69.097 10.749 117.8 -43.894 -409.943 41.1 16.367 -438.103 53.4 -100.13 -839.053 -49 48.887 -819.093 -44.9 72.303 84.403 2776.5
0.059 25.271 673.422 62.9 5.193 458.922 89.7 -155.393 473.512 82.5 165.782 444.332 96.9 -366.158 262.302 13.3 376.442 250.162 -61.5 -573.198 90.582 -159.1 547.732 129.142 -305.2 -16.331 232.912 111.8 -142.865 16.442 129.2 67.152 -2.632 138.7 -80.2591 -417.708 17.8 40.952 -447.578 45.8 -101.427 -836.018 -44.3 50.092 -822.558 -36.5 71.948 88.378 2770.9
0.078 32.917 658.846 39.3 10.79 449.306 85 -149.588 466.066 78.1 171.167 432.546 92 -378.583 281.426 20.3 398.227 282.376 -66.3 -594.633 145.066 -171.8 577.437 203.106 -323.3 -14.219 226.816 125.9 -144.114 15.296 162.3 65.657 -6.625 171.3 -114.541 -406.394 4.4 56.077 -445.324 50.4 -106.82 -824.114 -34.4 47.237 -814.264 -15.3 71.503 81.904 2762.9
0.093 42.206 635.781 19.4 18.636 431.041 80.7 -141.617 449.311 74.7 178.886 412.771 86.6 -383.214 288.181 22.1 419.206 301.721 -79.8 -609.054 185.771 -178 601.836 264.531 -343.3 -8.412 212.401 137.6 -140.256 5.699 190.6 69.336 -18.194 198.4 -144.251 -383.889 -29.8 64.336 -446.549 45.1 -109.499 -816.799 -39.3 51.496 -813.419 -13.4 70.224 79.459 2756.1
0.107 50.74 612.991 4.8 26.616 411.231 78.3 -133.598 429.261 70.7 186.83 393.191 85.9 -389.91 291.071 29.9 433.29 316.731 -86.5 -619.23 216.611 -181.7 617.83 317.731 -351.7 -0.898 197.141 150.4 -133.182 -5.156 217.6 76.36 -28.742 227.5 -171.72 -364.499 -47.2 74.07 -448.219 50 -117.636 -796.989 -50.5 57.4 -807.469 -5.9 70.84 77.329 2747.7
0.116 55.888 594.074 -2.1 34.508 395.824 75.4 -125.736 412.834 66.3 194.758 378.824 84.5 -383.892 298.844 33.6 449.708 337.624 -93.6 -621.652 247.624 -177 625.658 373.424 -368.2 7.487 184.234 155.9 -124.332 -16.238 230.4 85.258 -38.484 242.3 -210.192 -322.986 -88.5 77.998 -444.686 36.6 -137.148 -769.736 -76.1 60.438 -807.856 -14.9 67.312 61.896 2741.7
0.124 68.535 563.367 -17.3 45.115 371.077 72.9 -115.03 387.977 61.9 205.255 354.177 83.8 -376.195 292.457 40.3 462.585 346.727 -95.3 -619.855 246.127 -164.4 631.375 410.977 -370.9 17 165.297 166.6 -115.839 -29.44 253.3 93.615 -51.5458 267.6 -233.875 -279.383 -90.7 82.505 -451.063 47.8 -164.355 -730.253 -75 63.775 -795.883 -3.4 62.835 52.493 2731.4
0.132 82.628 541.435 -32.1 59.118 354.245 68.4 -100.896 368.835 53.7 219.128 339.665 83.2 -370.782 289.815 38.4 475.588 358.755 -93.3 -620.382 243.095 -157.3 628.448 448.915 -373.4 31.201 153.485 172.8 -101.389 -37.7398 267.6 107.958 -56.824 286.9 -243.832 -243.415 -93.5 93.428 -445.075 47.7 -186.572 -699.355 -87.7 73.448 -778.795 -0.6 54.952 36.285 2722.9
0.146 95.468 513.322 -45.3 69.858 330.172 63.3 -89.958 343.942 45.7 229.668 316.412 80.8 -361.222 286.152 39.1 486.438 364.492 -99.2 -617.982 228.062 -137.6 619.248 477.172 -378.1 40.514 134.752 177.2 -93.328 -51.674 279.6 115.678 -69.678 302.6 -259.472 -217.998 -84.1 94.238 -446.818 46.5 -227.842 -673.958 -93.2 75.418 -772.248 2.6 50.222 24.478 2717
0.154 110.134 496.824 -46.7 84.634 314.384 62.9 -75.139 326.494 43.7 244.404 302.274 82.1 -349.606 279.684 34.1 501.224 371.324 -96.5 -612.376 215.724 -121.7 614.624 511.394 -369.6 55.812 120.884 180.7 -77.481 -64.6958 286 131.464 -80.5308 311.1 -258.546 -200.356 -84.8 106.104 -440.596 32.5 -255.726 -660.346 -101.3 88.464 -759.436 0.4 40.076 4.1558 2710.4
0.162 121.143 486.808 -44.3 95.563 302.118 62.3 -64.157 312.808 41.9 255.293 291.428 82.8 -346.037 263.998 33.4 511.383 376.338 -89.4 -612.797 204.138 -112 600.663 539.158 -355 67.596 107.531 178.9 -64.819 -80.064 282 144.063 -94.042 308.8 -259.957 -184.952 -81.9 111.373 -441.812 15.3 -289.057 -642.942 -115.2 96.003 -741.242 -5.2 30.277 -13.088 2701.9
0.17 124.004 469.655 -50.4 98.104 285.505 58.9 -61.309 294.335 35.4 257.514 276.675 82.3 -348.666 245.185 28.1 511.534 373.295 -85.3 -619.916 184.435 -103.7 575.424 553.305 -342.7 69.779 93.124 179 -62.804 -93.485 283.9 145.714 -105.035 314.5 -269.036 -179.545 -58.9 107.774 -457.535 26.6 -334.086 -630.545 -118.5 95.094 -719.185 10 29.246 -22.695 2697
0.178 134.042 462.033 -62.7 106.192 280.303 50.8 -53.005 289.393 25.9 265.402 271.203 75.7 -340.588 235.313 25.8 517.512 374.833 -78.9 -612.538 174.263 -101.8 550.662 559.653 -333.5 75.956 90.87 175.1 -58.381 -92.607 283.2 149.812 -104.507 315.7 -284.998 -245.527 -46.2 109.542 -456.967 27.5 -375.708 -606.027 -135.4 98.772 -698.947 10.3 23.358 -36.053 2693.3
0.187 148.725 453.117 -78.1 118.015 275.897 43.7 -40.796 284.547 16.4 276.835 267.247 71.1 -331.415 232.067 18.8 524.635 381.237 -68.5 -608.675 171.367 -93.2 523.405 575.787 -314.3 85.455 91.269 174.3 -50.965 -87.703 287.1 156.755 -99.023 322.9 -292.965 -287.673 -20.8 116.885 -447.083 29.1 -408.845 -593.323 -152.2 105.035 -686.053 17.9 13.745 -56.897 2691.7
0.195 154.301 442.995 -88.7 124.511 269.655 37.8 -33.854 275.875 7.5 282.871 263.445 68.1 -327.269 223.995 14.9 541.231 383.005 -53.2 -604.799 153.761 -94.1 487.451 579.895 -281.5 91.514 88.373 173 -45.06 -88.845 288.3 162.101 -96.975 328 -299.229 -311.605 -5.3 124.771 -434.425 22 -438.739 -587.355 -173.4 111.891 -671.385 17.5 7.379 -69.865 2691.8
0.212 158.871 441.924 -94.4 131.471 269.674 33.5 -26.4554 272.034 0.7 289.401 267.324 66.4 -317.099 220.334 7.1 542.651 390.804 -38.4 -598.299 156.256 -92.3 443.821 579.914 -245.9 100.079 90.1863 171.6 -34.6114 -87.766 288.1 171.981 -90.846 331.1 -293.989 -328.546 6.9 136.401 -425.676 21.8 -455.329 -583.086 -185 122.231 -654.696 15.9 -1.8906 -87.734 2693.2
0.226 157.613 442.054 -95.7 133.673 267.614 28.6 -23.9905 266.294 -5.6 291.332 268.944 62.7 -314.938 212.764 -0.7 540.942 393.514 -23.5 -599.457 143.955 -82.8 404.472 564.314 -209.1 105.852 85.615 164.1 -25.0745 -97.256 277.2 181.133 -95.516 321.9 -287.918 -351.836 7.9 142.893 -418.826 1.1 -461.738 -590.786 -194.1 129.953 -647.316 -1.1 -5.5225 -99.454 2695.4
0.234 157.797 450.41 -98.4 139.727 274.61 22.8 -17.548 268.34 -12.4 297.007 280.87 58 -305.803 218.34 -9.1 542.657 407.24 12.9 -589.423 146.021 -89.9 386.807 541.99 -182.6 117.287 90.118 155.9 -8.026 -98.47 265.9 197.717 -90.27 312 -275.123 -367.81 14.1 144.997 -314.75 -31.1 -457.043 -585.8 -187.2 140.527 -626.5 -5.7 -13.897 -115.66 2697.1
0.242 161.602 469.48 -101.5 144.732 290.05 15.1 -11.569 279.76 -23.4 301.022 300.35 53.5 -300.938 213.053 -18.6 536.812 415.05 40.8 -585.978 133.05 -76.8 382.262 516.11 -169.6 124.892 103.567 145.8 2.826 -89.65 251.4 207.272 -76.19 301.6 -265.138 -382.15 28.9 138.382 -243.5 -43.9 -459.128 -569.58 -182.9 143.642 -597.38 -6.7 -21.372 -126.22 2698.2
0.251 165.273 476.11 -113.9 151.483 300 8.2 -3.499 284 -33.2 306.463 316 49.6 -289.967 211.625 -26.3 545.883 426.56 69.5 -575.707 130.707 -69.8 402.383 504.11 -163.6 134.333 116.418 143.3 15.799 -77.63 251.3 218.573 -56.69 305.5 -248.047 -395.68 63 137.603 -202.42 -36.6 -463.147 -564.33 -170.4 153.233 -579.35 5 -33.273 -137.64 2700.6
0.259 165.49 483.69 -105.2 153.61 302.99 12.5 0.096 283.2 -32.6 307.13 322.78 57.6 -288.27 205.734 -30.7 540.17 444.78 94.1 -573.97 117.843 -59 421.09 498.93 -161.4 138.83 116.911 144.5 23.657 -82.11 247 224.43 -56.23 305.9 -238.75 -408.43 67.4 135.713 -198.02 -50.3 -468.04 -576.64 -180.6 160.03 -587.98 1 -38.29 -142.26 2698.4
0.267 154.88 479.7 -102.3 147.82 297.21 13.9 -4.841 274.14 -32.7 300.48 320.28 60.5 -290.76 194.715 -33.3 529.47 458.26 102.1 -576.33 98.79 -49.7 438.16 500.56 -166.9 136.367 109.676 144.2 25.119 -92.94 243.9 224.71 -62.78 304.9 -246.27 -414.54 67.2 140.28 -198.34 -66.6 -474.38 -579.01 -180.7 159.43 -587.83 1.1 -39.5 -138.97 2697.7
0.275 149.849 474.18 -99.5 144.069 292.57 16.1 -7.745 267.88 -32.6 295.879 317.25 64.8 -290.481 186.448 -34.8 527.129 463.23 99.4 -576.101 87.093 -35.2 456.549 514.18 -175.5 133.231 104.248 145.4 23.151 -100.21 242.8 221.649 -67.93 306.5 -255.431 -413.79 62 133.234 -196.73 -57.3 -480.031 -581.04 -182 155.309 -588.97 6.1 -42.139 -137.58 2697.5
0.283 140.155 453.55 -99.2 132.862 277.07 21 -18.988 252.36 -27.7 284.715 301.79 69.7 -293.685 176.014 -32.1 513.625 465.91 91.9 -579.035 73.633 -35.7 458.865 529.76 -185.1 120.729 90.939 153.2 9.323 -111.35 253.6 207.865 -79.04 317.3 -269.245 -419.3 62.9 120.743 -202.3 -45.2 -488.965 -586.44 -170.2 148.285 -593.42 14.9 -39.125 -128.58 2696
0.292 132.602 465.42 -102.5 123.692 283.73 15.6 -28.286 259.03 -32.8 275.671 308.43 63.9 -296.719 167.38 -32.8 497.441 457.82 73.8 -578.959 62.857 -42.7 454.951 552.78 -192.2 112.405 96.602 146.5 1.746 -106.68 245.8 200.491 -74.38 309.1 -266.549 -418.45 46.7 120.42 -190.65 -59 -484.579 -579.18 -185.6 153.191 -587.71 -3.4 -36.691 -119.66 2698.7
0.306 122.64 472.7 -95.1 119.834 287.14 16.3 -32.324 261.3 -31 271.992 312.98 63.5 -301.078 167.587 -26 494.522 456.77 55.7 -577.868 58.614 -45.5 447.592 580.6 -195.2 113.345 96.168 141.7 7.355 -111.71 236.2 206.362 -77.91 297.9 -250.608 -438.45 48.3 129.401 -204.32 -63.3 -471.758 -596.58 -187.8 162.782 -605.85 -8 -36.142 -116.21 2701
0.322 112.999 470.83 -95.1 112.071 283.41 14.9 -40.273 257.23 -31.6 264.414 309.58 61.4 -310.676 158.97 -21.8 488.124 445.56 49.1 -584.386 44.854 -38.5 431.364 589.32 -193.6 107.017 91.743 139.4 2.343 -117.04 233.6 201.584 -82.81 294.3 -262.076 -442.99 52.8 116.807 -206.92 -57.3 -479.406 -600.72 -176.3 152.004 -612.68 -4.2 -32.434 -101.78 2703.3
0.33 111.333 494.357 -84.6 110.269 298.407 13.8 -42.442 273.777 -32.3 262.977 323.037 59.9 -318.893 156.409 -18.8 488.987 449.177 39.2 -592.263 40.404 -22.7 422.817 604.807 -195.6 107.3 101.212 129 4.463 -112.093 214 204.197 -79.883 274.3 -255.023 -444.813 38.2 119.766 -211.913 -76.2 -469.703 -605.073 -186.7 157.367 -619.293 -22.1 -32.697 -96.307 2705.5
0.338 104.39 491.624 -92.9 105.197 297.754 7.8 -48.087 272.704 -36.1 258.481 322.814 51.7 -320.899 154.6 -15.3 487.551 449.954 27.2 -596.139 45.981 -26.1 404.921 611.364 -202.3 105.065 99.486 121.4 4.687 -115.166 206.4 205.181 -82.396 263.8 -256.969 -452.166 42.4 122.076 -221.526 -62.4 -461.669 -619.156 -168.6 154.871 -627.716 -12.9 -28.911 -85.544 2710.1
0.346 95.124 484.627 -90.2 98.194 291.547 8.8 -55.545 266.537 -33.5 251.936 316.557 51.1 -330.394 150.244 -13.2 484.836 449.917 31.1 -606.544 41.89 -23 377.776 606.917 -193.9 99.22 93.133 122.4 -0.291 -121.633 208.3 200.776 -88.923 263.6 -262.184 -459.663 46.3 119.228 -239.133 -54.9 -458.854 -634.093 -154.4 147.126 -643.233 -5.7 -23.016 -70.217 2715.6
0.354 89.562 500.271 -91.1 93.738 304.581 5.4 -60.621 280.201 -35 248.098 328.961 45.7 -329.402 163.071 -6.4 480.708 451.881 37.2 -604.532 56.8384 -33 356.558 599.651 -179.3 96.232 104.785 116.5 -2.219 -110.959 201.3 199.668 -79.069 254.1 -258.522 -448.919 30.6 124.758 -243.509 -65.5 -446.802 -633.189 -159.7 143.708 -642.059 -18.8 -22.818 -63.051 2719.6
0.362 76.387 510.533 -84 85.697 311.123 4.8 -69.232 287.243 -33.6 240.631 335.013 43.2 -337.069 168.603 -2.4 471.501 451.933 34.9 -612.019 60.0532 -25.6 329.121 591.663 -172 91.361 107.595 108.6 -4.292 -111.557 187.2 198.341 -80.317 237.4 -253.329 -455.437 17.5 133.941 -257.487 -73.9 -426.189 -651.077 -161.8 143.411 -659.767 -30.6 -17.601 -53.563 2724
0.37 68.223 514.505 -82.1 79.83 315.195 2.4 -75.878 291.815 -33 235.535 338.565 37.8 -340.745 168.725 8.4 462.055 454.295 38 -614.935 61.6 -30.8 312.055 586.495 -166.9 88.455 109.054 100.7 -4.756 -112.375 175.8 198.915 -81.795 222 -253.095 -461.395 15.9 136.455 -266.075 -73.7 -399.275 -661.985 -148.9 142.695 -665.715 -32 -17.155 -41.675 2726.9
0.378 51.806 509.857 -84.6 68.934 312.637 1 -86.75 286.577 -32.5 224.621 338.697 34.5 -346.629 164.447 19.3 451.271 455.227 35.7 -615.349 64.375 -48.8 300.741 582.997 -172.9 82.281 106.669 99.2 -6.189 -116.343 175.4 197.441 -82.253 219.3 -247.289 -473.833 23.7 137.391 -278.373 -57.8 -357.939 -684.113 -122.5 140.011 -672.693 -22.5 -11.321 -27.927 2731.8
0.386 34.0885 515.835 -87.3 54.7395 318.075 -1.8 -101.058 290.025 -33.2 210.542 346.115 29.5 -356.719 164.645 26.4 437.742 462.505 38 -616.479 61.272 -67.3 305.702 587.605 -182.7 72.4035 111.781 95 -11.8165 -112.845 171.5 191.952 -76.169 212.4 -250.638 -470.475 16.1 127.681 -281.785 -62.2 -314.638 -695.985 -106.4 129.992 -679.945 -31 -4.7615 -16.375 2736.2
0.394 21.1079 520.613 -80.4 46.0129 321.933 2 -110.227 293.003 -26.1 202.253 350.863 30.1 -366.677 166.283 36.2 420.063 481.653 23.5 -617.867 57.3754 -78.5 313.743 597.183 -212.8 67.5099 114.613 95.9 -13.1691 -111.627 171.4 191.183 -73.7866 208.2 -238.077 -478.827 18.3 121.433 -292.137 -59.7 -256.257 -709.587 -83.5 129.583 -693.717 -32.6 -1.0929 -8.1334 2739.6
0.403 4.784 517.677 -97.8 34.5641 325.947 -2.2 -120.141 289.527 -29.2 189.269 362.377 24.7 -377.311 161.447 43 409.009 503.677 4.4 -618.481 50.5226 -93.9 329.569 608.757 -251.7 63.9341 124.627 101.2 -9.0737 -100.803 186.8 195.679 -52.5944 222.5 -206.741 -482.033 32.8 113.389 -283.913 -43.7 -193.131 -710.613 -49.8 129.969 -687.203 -20.1 2.3709 0.12344 2743.3
0.411 -6.2341 517.368 -97.1 28.2157 326.818 -0.1 -125.832 286.588 -25.8 182.258 367.058 25.5 -389.602 159.838 52.1 401.558 521.448 -12.2 -615.612 45.5 -109.1 353.918 604.198 -289.4 63.0537 126.778 104.5 -3.39757 -99.724 192.2 199.178 -46.816 225.9 -195.892 -452.862 -15.7 104.298 -302.682 -50.4 -140.962 -731.632 -43.6 128.088 -706.832 -33.1 3.1323 11.952 2744.1
0.425 -18.9563 516.469 -97.4 18.6557 326.629 0.3 -134.862 283.819 -24.7 172.178 369.439 25.3 -404.072 160.799 53.9 387.508 537.599 -31.8 -614.582 39.914 -127.8 382.448 593.749 -320.3 57.3527 127.029 104.7 -4.6091 -100.639 192.6 196.708 -44.498 225.4 -171.202 -473.181 -5.9 108.878 -359.771 -37.6 -107.422 -737.171 -22.5 121.818 -719.881 -35.7 5.8423 20.101 2746.2
0.439 -34.6986 518.025 -101.2 8.3364 332.775 -0.6 -143.981 285.675 -25.2 160.649 379.875 23.9 -411.521 173.635 55.7 375.769 559.035 -50.2 -613.231 60.552 -143.5 407.279 597.465 -336.2 52.6954 134.655 104.3 -2.7098 -94.322 193.2 196.819 -32.62 225.3 -154.861 -474.655 -5.6 120.239 -383.155 -24.6 -39.5436 -805.805 27.8 118.969 -721.345 -36.3 7.4006 13.325 2750.9
0.455 -49.1037 509.9 -97.5 0.6315 327.39 3.7 -150.883 276.54 -18.1 152.147 378.24 25.4 -414.543 175.57 62.7 361.107 562.76 -55.7 -603.313 68.726 -153.7 420.457 575.8 -338.2 51.4763 130.94 108.8 3.1493 -98.791 199.7 201.497 -32.227 228.1 -157.023 -436.26 -23.4 131.237 -399.2 -17.4 -16.3428 -795.77 55.4 118.657 -728.5 -38.7 6.9827 19.41 2751.1
0.467 -65.2182 512.811 -99.9 -8.51 332.511 4.1 -158.246 276.271 -16.4 141.224 388.761 24.6 -415.996 185.221 65.4 345.334 572.311 -58.8 -594.596 78.756 -160.8 421.244 564.891 -336.5 49.8218 138.631 110 10.1718 -92.062 202.5 206.134 -18.4541 229.3 -152.216 -393.909 -39.3 136.464 -395.509 -10.3 -11.1881 -773.939 57.3 118.354 -726.909 -40.2 4.7062 17.289 2752.5
0.479 -76.4424 517.242 -79.8 -15.2874 334.742 12.9 -164.928 277.462 -5.9 134.352 392.032 31.6 -413.678 192.682 69.6 337.022 576.662 -53.1 -575.878 90.222 -167.5 408.432 545.202 -334.4 47.7786 138.062 110.3 13.0106 -96.082 195.5 208.682 -21.1786 220 -148.008 -382.448 -61.1 144.552 -400.198 -23 -9.88458 -774.018 43.5 123.712 -740.658 -52.5 0.98838 16.088 2752.9
0.491 -88.9641 530.734 -79.7 -26.3271 348.344 15.9 -175.3 289.094 -2.4 122.64 407.594 34.2 -418.81 196.964 74.7 330.53 584.454 -48.6 -555.71 108.674 -178.9 377.52 525.884 -328.5 39.2119 153.024 114.8 7.3423 -81.035 201.8 202.16 -3.555 225.7 -146.66 -348.546 -57.8 149.97 -385.466 -17.8 -14.8511 -744.326 61 123.42 -717.816 -41.1 -1.0299 10.926 2750
0.509 -107.159 532.144 -90.5 -39.885 356.115 12.2 -186.989 292.235 -5.1 107.221 419.995 29.6 -428.289 204.994 76.9 317.371 576.255 -48.2 -532.709 124.395 -188.5 331.041 503.295 -328.1 31.037 164.874 115.2 5.72478 -68.1535 206.9 198.191 15.4265 229.5 -133.089 -343.305 -56.5 175.801 -363.925 -21.9 -9.09392 -745.576 59.6 138.521 -706.115 -42.1 -0.15098 3.9455 2752.5
0.525 -122.487 538.588 -86.1 -51.8738 365.298 17.7 -197.567 297.998 1.3 93.8212 432.598 34.1 -441.747 206.958 80.8 296.083 581.078 -60.8 -502.907 139.528 -195.2 273.763 481.028 -325.5 24.1632 175.728 120.2 4.9257 -57.8551 212 195.473 30.1599 233.4 -130.417 -338.302 -61.2 196.453 -336.152 -37 -12.4158 -733.442 38.9 157.713 -700.282 -49.5 1.5268 -5.4779 2751.4
0.543 -139.375 545.928 -73.5 -67.6285 371.318 26.3 -212.475 302.158 9.8 77.2215 440.468 42.8 -451.446 205.558 88.2 269.474 585.618 -70.6 -474.816 149.118 -196.6 200.975 462.298 -315.7 12.0195 180.998 124.6 -3.0363 -54.542 212.2 186.375 35.886 233.8 -137.855 -328.532 -67.7 213.905 -320.752 -48 -24.3545 -726.102 21.9 173.495 -692.352 -58.5 7.8455 -12.808 2749.9
0.558 -158.253 558.685 -58.3 -87.461 379.465 31.6 -235.163 315.965 20 60.239 442.975 43.2 -455.173 213.895 94.6 243.347 589.735 -90 -444.623 167.645 -191.4 118.307 449.925 -302.5 -10.504 184.065 121.5 -30.237 -52.9 203.7 163.147 30.2439 218.9 -161.223 -316.215 -78.6 221.787 -318.905 -67.4 -50.473 -716.995 9.6 185.957 -690.125 -79.6 14.643 -20.465 2750.4
0.57 -173.54 577.354 -34.4 -105.608 389.624 43.3 -255.29 330.364 34.8 44.073 448.884 51.8 -465.86 216.864 88.7 212.94 581.154 -102 -409.9 172.814 -189.5 42.012 432.074 -277.2 -30.7917 189.244 123 -53.849 -49.893 197.2 141.9 27.6073 208.3 -162.27 -304.806 -82.1 241.57 -322.806 -63 -51.896 -705.196 11 222.96 -674.786 -83.3 20.92 -23.124 2744.8
0.582 -187.175 589.87 -21.4 -121.183 396.92 49.4 -272.735 342.3 47.4 30.368 451.54 51.4 -467.835 221.04 82.3 178.645 564.48 -118.8 -376.025 179.24 -187.1 -32.2004 421.44 -246.2 -48.585 192.9 121.8 -75.157 -46.858 193 123.185 24.6278 195.5 -161.035 -307.87 -84.3 261.755 -326.97 -55.6 -57.348 -703.57 15.3 270.395 -671.2 -85.3 26.135 -27.61 2742.4
0.589 -206.471 602.518 -14 -141.841 408.878 54 -294.421 356.858 55.3 10.739 460.888 52.7 -476.381 223.418 67.1 138.369 554.608 -132.5 -349.931 192.738 -185.8 -101.559 419.798 -217.3 -71.088 203.088 123.7 -100.054 -36.683 194.3 99.379 31.3051 192.6 -165.841 -305.642 -82.8 274.239 -313.722 -44.9 -66.495 -693.992 24.5 317.359 -661.882 -80.2 37.491 -40.688 2739.8
0.597 -221.113 614.732 -8 -157.513 418.792 55.6 -310.563 368.512 61.9 -4.457 469.072 49.2 -471.063 220.512 52.7 93.837 535.042 -140.5 -325.443 210.172 -182.4 -169.843 420.872 -185 -86.769 211.892 122.2 -116.106 -27.874 193 84.047 37.881 184.7 -165.323 -300.168 -85.5 291.787 -295.928 -42.8 -70.148 -679.848 20.2 370.277 -650.858 -85.6 46.553 -53.632 2736.7
0.605 -238.296 627.203 -4.5 -172.696 430.133 54.1 -325.676 380.223 64.7 -19.706 480.053 43.5 -463.256 222.473 51.1 43.211 512.683 -151.5 -301.296 224.893 -179 -230.476 414.603 -161.4 -100.615 222.673 117.6 -128.556 -17.417 188.1 71.484 47.845 174.2 -169.866 -284.717 -90.4 304.014 -280.027 -38.7 -76.282 -667.547 16.4 416.504 -633.467 -90.2 53.456 -65.523 2734.1
0.614 -250.814 639.677 6.9 -182.604 439.287 54.2 -335.294 390.007 70.3 -29.913 488.557 38.1 -446.784 218.877 48.9 -9.999 486.337 -163.9 -276.864 230.007 -183 -285.854 406.857 -142.5 -109.205 230.507 111.4 -135.671 -10.49 179.1 64.056 53.964 158.1 -170.954 -278.413 -92.9 317.916 -272.123 -32.6 -78.657 -660.323 14 461.956 -625.393 -98.2 57.254 -71.367 2732.7
0.622 -259.613 639.39 11.8 -190.223 439.94 54.3 -342.633 391.7 75.4 -37.816 488.19 33.2 -427.013 225.87 41 -68.6026 461.05 -182.4 -260.183 237.68 -188.4 -345.243 389.44 -133.1 -116.364 230.64 109.2 -142.169 -10.207 177.9 57.167 52.893 150.2 -172.383 -282.7 -86.9 328.487 -277.52 -3.8 -83.234 -658.16 19.1 505.417 -627.22 -94 64.203 -77.61 2733.3
0.63 -260.824 633.586 24.3 -190.884 434.566 60.3 -341.754 385.896 89.3 -40.023 483.226 31.4 -407.974 220.236 29.1 -112.717 436.656 -186.6 -229.114 240.306 -193.6 -388.114 363.626 -129.8 -113.844 225.086 109.6 -135.529 -16.246 177.9 61.926 47.448 140 -164.834 -284.074 -89.2 348.856 -281.504 11.8 -76.766 -658.804 16.8 552.876 -628.094 -108.2 59.924 -79.076 2733
0.638 -256.612 631.474 29.2 -186.872 430.694 62.4 -336.772 382.554 96.9 -36.982 478.824 27.8 -382.382 208.294 10.3 -156.732 411.434 -190 -205.612 240.384 -211.3 -434.432 331.054 -136.8 -108.837 220.814 108.5 -128.798 -20.535 177.3 67.198 42.403 132.1 -161.302 -280.936 -96 363.938 -288.956 36.9 -70.261 -657.806 21 589.718 -630.076 -119.7 54.792 -73.704 2733.7
0.647 -262.846 638.11 42.6 -193.276 436.68 68.6 -341.086 388.79 111.1 -45.455 484.56 26 -364.746 217.79 -0.6 -201.356 399.15 -184.3 -188.876 246.05 -221 -479.866 306.03 -143.1 -113.666 226.11 108.2 -130.778 -15.792 175.6 62.664 46.872 120 -162.726 -277.35 -104.1 361.744 -290.13 56.7 -71.704 -656.78 20.4 606.854 -635.9 -135.7 58.766 -83.95 2733.6
0.655 -264.679 638.901 53.4 -195.419 438.291 78.8 -333.479 397.551 146.1 -57.3525 479.031 11.6 -343.789 223.541 4.4 -233.459 383.441 -178.8 -172.649 250.851 -221.8 -512.869 272.511 -157.5 -115.259 227.361 115.6 -126.644 -10.588 197 56.441 43.436 107.8 -159.039 -270.139 -88.5 360.441 -293.739 74.2 -71.033 -651.349 41.7 608.851 -645.509 -130.7 55.499 -88.071 2730.5
0.673 -259.039 629.736 56.4 -191.059 429.946 82.3 -320.639 395.926 167.5 -61.4816 463.976 -2.8 -316.679 238.716 0.5 -262.809 380.116 -170.8 -162.069 256.466 -233.2 -536.319 251.656 -170.9 -112.174 218.266 117.8 -118.092 -15.674 209 51.511 28.855 97.5 -152.188 -282.344 -105.5 359.621 -306.284 95 -69.183 -655.454 27.1 610.491 -660.164 -107.3 53.849 -93.966 2730.9
0.688 -254.063 631.724 61.6 -187.773 431.324 87.3 -309.953 403.014 185.5 -65.586 459.634 -10.9 -304.663 245.914 -0.3 -282.013 372.074 -162.2 -147.845 258.434 -231.3 -547.233 228.844 -174.1 -110.951 218.684 121.6 -113.769 -12.416 219.9 45.503 24.485 91.9 -153.073 -266.236 -117 358.127 -307.386 103.8 -67.569 -645.296 26.3 605.197 -647.896 -89 48.583 -96.524 2727.5
0.696 -256.459 638.13 75.6 -196.689 435.83 98.1 -312.179 411.68 206 -81.205 459.99 -9.8 -310.399 256.2 -0.8 -303.809 366.41 -154 -146.289 261.81 -231.6 -564.039 218.19 -174.6 -125.088 220.67 126.6 -128.73 -10.24 225.3 21.762 21.235 84.7 -167.029 -267.95 -127 334.531 -311.44 96.3 -83.78 -639.98 19.1 590.031 -646.06 -80.7 49.509 -100.36 2725.5
0.704 -254.516 635.3 83.2 -201.206 431.58 104.4 -312.386 411.74 218.3 -90.02 451.41 -9.6 -312.346 260.57 -4.8 -319.386 361 -149.3 -139.151 263.96 -232.4 -573.426 209.16 -179.6 -135.931 214.1 130.2 -143.12 -16.3 230.3 1.801 9.556 81.8 -168.866 -274.84 -127.9 325.964 -311.46 102.9 -85.24 -644.85 16.1 590.864 -649.09 -71.5 50.746 -99.56 2723.8
0.713 -251.732 634.35 76.2 -200.692 429.91 103.7 -308.892 416.15 221.8 -92.481 443.66 -14.3 -302.632 264.91 -17.5 -324.172 362.21 -148.8 -128.31 270.41 -244.8 -574.752 210.89 -185.9 -138.599 212.25 135.3 -147.137 -14.39 243.9 -5.88 3.563 89.8 -158.622 -264.53 -120.7 332.978 -301.9 107.4 -74.806 -639.04 28.3 600.758 -642.89 -61.8 49.952 -102.4 2723.1
0.721 -250.681 636.663 83.5 -201.971 430.393 106.7 -308.521 416.873 226.7 -95.411 443.923 -13.3 -301.731 261.073 -23.2 -321.991 360.673 -148.3 -126.68 274.523 -255.3 -571.581 215.203 -181 -142.461 211.503 134.8 -152.501 -16.217 241.3 -13.417 1.435 84.7 -157.831 -262.497 -129 335.739 -291.927 78.1 -72.927 -640.257 18 600.979 -635.977 -81.3 50.361 -99.303 2722
0.729 -250.961 630.725 75.4 -201.481 425.025 102.5 -307.381 412.775 223.5 -95.577 437.265 -18.5 -303.621 264.195 -19.2 -314.761 359.015 -152.3 -129.168 274.205 -256.9 -569.171 222.205 -184.4 -141.278 206.585 133.1 -150.258 -19.855 242.7 -11.901 -3.851 84.7 -152.287 -260.335 -118.9 344.319 -289.025 69.7 -70.333 -641.715 18.1 609.349 -640.125 -87 52.451 -91.815 2723.1
0.737 -247.175 631.79 85.4 -199.685 425.33 109.1 -312.255 410.81 223.4 -87.117 439.84 -5.1 -314.815 254.16 -23.7 -302.405 358.62 -155.2 -135.553 268.99 -255.1 -560.355 236.63 -196.3 -140.83 206.43 139.3 -155.675 -21.97 244.3 -8.271 -2.963 94.7 -163.955 -258.32 -109.2 349.875 -282.63 53.9 -80.481 -649.01 19.3 606.755 -640.37 -94.1 52.255 -81 2721.1
0.745 -237.611 635.263 76.4 -188.971 429.933 100.8 -309.071 412.213 206.2 -68.867 447.653 -4.6 -323.571 245.773 -30 -277.871 351.953 -159.8 -143.076 264.883 -256.7 -544.121 257.013 -206.4 -129.587 211.253 131.7 -148.872 -19.03 231.6 8.456 4.185 93.6 -151.631 -257.097 -108.4 364.979 -269.327 18.8 -69.389 -651.437 8.9 601.369 -638.347 -116.3 49.261 -65.673 2722.2
0.754 -219.991 626.869 79.4 -170.481 422.149 98.8 -299.491 399.339 191 -41.4754 444.949 6.5 -329.251 237.969 -25.5 -237.531 347.859 -166 -151.141 259.079 -260.7 -511.661 279.309 -214 -112.714 202.499 125.3 -139.591 -32.112 212.3 29.709 -2.182 91.2 -147.121 -283.421 -99.8 372.859 -287.701 -0.8 -66.005 -678.091 2.8 574.049 -646.941 -125.2 38.891 -46.019 2726.1
0.768 -209.256 635.168 71.6 -161.436 428.248 91.9 -294.476 404.928 179 -28.3864 451.568 4.9 -341.336 241.128 -49.9 -196.166 344.518 -171.9 -156.016 251.918 -283.5 -474.226 316.408 -228.5 -105.302 208.188 118.7 -135.926 -27.067 202.3 37.583 3.346 88.8 -144.206 -280.632 -77.4 362.674 -295.442 -23.5 -61.644 -674.462 12.4 527.464 -627.992 -128.9 32.326 -33.598 2727.9
0.786 -194.643 628.812 65.9 -149.053 421.072 85.5 -284.763 397.622 168.9 -13.3469 444.512 2.1 -349.663 233.532 -37.1 -150.093 342.212 -174.1 -175.573 253.342 -278.7 -422.453 353.192 -241.6 -93.81 200.922 113.5 -127.143 -34.525 195.9 50.014 -3.918 87.1 -129.123 -299.638 -57.2 353.997 -323.188 -27.8 -45.347 -703.058 21.7 494.447 -619.988 -122.6 20.653 -14.762 2731.1
0.802 -176.657 626.274 68.3 -133.667 417.964 82.7 -276.267 392.144 151.3 8.9365 443.794 14 -343.748 227.524 -21.5 -102.059 342.764 -179.5 -218.477 257.844 -280.8 -361.447 392.024 -260.9 -82.1965 196.464 106.2 -124.347 -42.0058 174.9 62.8915 -8.0916 84.7 -104.306 -385.496 -37.6 342.163 -348.756 -30.5 -41.1975 -717.296 4.3 459.363 -598.076 -118.9 9.0275 6.1958 2736.3
0.811 -155.704 627.343 66.3 -110.964 417.803 81.7 -259.194 388.273 133.9 37.2649 447.343 29.5 -344.314 223.123 -5.9 -49.4891 342.693 -171.5 -256.454 267.723 -278.8 -287.604 427.673 -276.8 -58.5471 196.483 105.3 -103.344 -44.209 163.2 91.0899 -5.47 94.7 -67.7101 -436.467 1.9 349.806 -328.547 -84.5 -15.3501 -733.437 6.7 437.426 -574.727 -104 -4.5459 24.267 2742.4
0.819 -131.875 621.644 58.7 -89.655 410.914 74.7 -241.435 381.474 117.1 62.126 440.364 32.3 -350.325 209.704 -15.6 11.0462 345.094 -171.5 -288.985 284.194 -278.1 -189.455 466.984 -308.2 -40.327 188.744 97 -89.995 -52.63 146.9 107.996 -14.216 91.5 -54.933 -472.126 20.2 319.565 -320.696 -154.8 -11.347 -765.716 -6.4 379.175 -548.586 -104.1 -19.535 40.936 2751.8
0.838 -119.949 597.644 55.4 -75.179 386.704 73.8 -228.139 354.524 111.4 77.783 418.874 36.1 -353.029 191.834 3 74.66 335.994 -158.5 -320.099 287.104 -263.6 -96.849 488.424 -310.6 -23.009 165.214 96.4 -70.589 -77.2492 143.7 128.909 -35.287 94.6 -25.684 -510.546 40.5 306.651 -390.126 -109.2 11.683 -802.526 0.2 339.851 -514.336 -88.8 -32.911 71.006 2755.7
0.854 -96.03 554.57 36.5 -57.85 345.22 68.1 -213.66 317.76 96.5 97.969 372.69 39.8 -374.11 171.44 11.6 135.772 317.99 -149.4 -350.61 287.94 -252.9 -13.372 503.67 -293.8 -12.259 124.75 105.1 -66.72 -113.362 160.2 133.376 -78.094 123.8 -23.344 -553.87 64.2 271.42 -435.28 -118.7 9.536 -844.93 11.8 297.78 -546.72 -73.4 -43.75 109.14 2764.7
0.87 -80.373 540.48 25.1 -46.623 332.13 63.3 -203.943 307.5 86.9 110.697 356.76 39.7 -385.183 183.91 14.4 189.267 327.58 -142.2 -386.243 313.24 -238.5 79.657 537.44 -286 -5.63 111.73 106.5 -66.733 -124.646 165.1 137.462 -92.679 134.4 -13.047 -562.05 52.8 250.947 -487.23 -67.3 15.678 -860.76 -8.9 337.647 -893.09 78.4 -49.337 122.91 2772.2
0.886 -68.374 530.2 26.3 -39.032 320.18 62.6 -197.424 298.07 82.2 119.364 342.28 43 -396.904 184.66 21.7 221.316 321.54 -129.1 -417.124 337.66 -213.6 156.316 553.87 -265.4 -2.913 98.52 104.4 -69.984 -137.549 159.1 136.4 -108.742 133.5 -12.968 -573.98 39.7 214.566 -402.29 -116.6 15.997 -878.46 -27.1 241.816 -518.97 -85.9 -51.336 139.72 2779.1
0.898 -59.41 525.91 26.2 -34.184 315.46 62.3 -193.24 296.06 80.3 124.875 334.86 44.4 -405.31 192.56 27.6 255.3 326.52 -119.8 -440.48 369.73 -187.1 220.46 578.76 -236.1 -2.442 92.81 102.9 -72.91 -142.304 155.1 131.513 -117.374 132 -11.58 -581.31 45.6 208.09 -499.22 -107.9 16.854 -887.81 -32.9 295.94 -918.82 -9.6 -53.31 151.12 2783.3
0.909 -49.714 524.54 19.6 -28.902 312.88 57.4 -188.714 297.03 72 130.907 328.72 42.7 -412.424 198.64 32 278.876 326.64 -109.2 -446.964 399.32 -164.1 254.766 590.54 -206.9 -3.095 89.3 97.2 -79.644 -144.416 146.3 125.071 -124.121 127.6 -8.938 -583.59 42 188.536 -532.68 -68.1 15.405 -898.21 -44.2 268.066 -956.1 20.5 -53.376 167.18 2791.9
0.917 -46.688 533.49 24 -27.056 321.56 56.2 -186.984 306.47 71.2 132.869 336.65 41.1 -413.254 221.44 40.9 296.896 336.93 -99.1 -437.214 446.76 -134 275.006 615.7 -170 -2.742 96.74 89.2 -83.644 -138.005 132.1 126.784 -118.152 112.3 -7.71 -577.4 31.4 178.806 -544.1 -46.2 17.036 -907.66 -58.3 250.756 -970.63 33.5 -52.656 165.98 2799.5
0.925 -40.328 548.3 36.2 -25.125 335.08 59.1 -185.344 323.03 73.9 135.095 347.13 44.3 -416.294 240.62 49.3 311.796 351.38 -91.1 -420.344 489.28 -95.3 269.846 634.19 -116.8 -5.903 108.76 83 -90.354 -125.349 116.4 116.99 -109.754 97.2 -11.442 -565.3 20 159.326 -546.95 -30.5 11.577 -899.93 -65.1 224.356 -976 41.3 -49.676 169.08 2804.8
0.932 -37.833 557.85 38.3 -24.896 344.1 58.8 -185.302 334.22 73.3 135.512 353.98 44.2 -416.302 265.37 56 323.748 372.25 -77.6 -393.372 529.79 -63.8 241.958 645.49 -70.9 -9.204 116.95 77.5 -96.602 -116.549 105.6 109.581 -103.852 86.9 -5.483 -555.95 18.8 143.866 -548.3 -15.7 9.661 -904.97 -66.7 202.608 -979.39 48.8 -47.688 168.48 2810.5
0.941 -35.596 577.23 47.2 -25.879 361 62.4 -186.45 353.48 76.7 134.69 368.52 48.1 -420.84 290.5 66.2 328.69 397.95 -57 -359.14 553.86 -39.1 203.19 649.43 -17.5 -14.064 133.19 75.2 -106.31 -99.493 97.4 101.814 -89.747 78.9 11.338 -529.89 1.8 126.334 -418.69 -101.8 5.854 -897.2 -68.4 126.188 -678.15 -4.3 -43.16 163.42 2816.5
0.958 -31.938 594.24 61.7 -26.78 376.93 70.1 -187.609 373.3 82.4 134.052 380.56 57.9 -425.119 315.46 81 337.651 412.24 -37.1 -328.729 569.59 -14.8 168.231 639.18 18.8 -21.043 148.67 77.8 -120.019 -81.95 93.4 89.412 -77.221 77.5 10.711 -510.18 3.7 113.199 -458.75 -84 -6.079 -888.78 -69.8 105.359 -807.13 -57.5 -39.851 161.47 2820.8
0.971 -35.041 619.1 68.7 -32.492 400.96 76.7 -193.493 399.19 87.4 128.506 402.73 66 -432.683 354.8 98.5 355.847 428.4 -18.3 -310.543 585.9 -9.9 155.617 636.31 35.4 -29.599 172.49 82.5 -131.723 -57.135 95.2 78.308 -54.826 81.2 12.331 -482.43 11.3 118.578 -454.47 -88.3 -10.151 -877.14 -65.2 105.332 -847.51 -94.6 -32.297 148.66 2822.9
0.98 -36.617 634.41 72.7 -36.835 416.96 82.1 -197.99 416.97 90.4 124.317 416.95 73.8 -439.64 387.11 115.9 361.62 450.43 4 -297.51 598.7 -10.1 135.9 637.1 32.9 -36.599 188.39 87 -141.61 -40.174 97.3 68.891 -40.188 86.5 6.421 -464.2 12.3 117.557 -442.44 -100.8 -16.217 -870.94 -68.3 107.623 -809.73 -127.9 -25.84 137.11 2825.3
0.993 -40.056 649.31 82.8 -40.617 425.56 87.2 -201.903 425.98 91.9 120.667 425.13 82.4 -448.433 415 125.1 361.197 476.24 22.6 -292.293 599.48 -24.4 117.781 639.51 22.1 -41.242 196.96 86.3 -147.273 -31.36 88.5 63.544 -31.91 82.3 9.098 -453.86 11.1 111.632 -428.06 -128.5 -17.14 -868.92 -82.3 121.857 -793.18 -155.1 -19.247 134.07 2828.5
1.011 -37.619 661.04 88 -40.726 435.27 93.6 -202.029 436.27 98.7 120.581 434.27 88.4 -451.669 443.4 139.4 361.651 498.01 40.2 -292.079 609.06 -33.3 115.501 653.85 8.9 -42.389 206.87 85.6 -149.479 -20.88 81 61.377 -22.18 74.3 9.4646 -443.88 11.4 105.102 -421.81 -137.4 -22.183 -867.44 -88.7 127.701 -792.99 -169.3 -15.181 128.14 2831.9
1.025 -36.8694 661.32 87.8 -41.9934 439.95 92.6 -203.25 442.27 98.9 119.27 437.64 86.4 -440.08 470.44 147.1 366.07 517.76 56 -305.41 621.47 -54.8 127.34 671.67 -8 -45.4934 211.44 87 -154.42 -15.56 85.5 56.4386 -18.59 77.4 6.6659 -439.46 27.5 98.9356 -425.32 -123.7 -28.3454 -868.74 -81.2 124.04 -806.38 -164.2 -9.8296 126.82 2835.5
1.033 -31.9852 658.05 96.2 -38.4172 439.77 90.8 -199.708 442.81 95.9 122.872 436.73 85.7 -436.228 486.37 147.6 370.352 531.55 65.6 -316.398 645.3 -59 143.312 691.51 -22.5 -43.0782 211.51 79.5 -153.198 -14.77 71.5 57.7248 -18.74 64.8 15.3402 -436.69 20.7 101.675 -430.96 -126.2 -27.2532 -874.48 -104.4 125.512 -821.38 -176.3 -7.7118 126.75 2841.2
1.043 -26.5435 660.39 97.6 -35.8875 442.83 88.7 -197.127 447.82 93.8 125.352 437.85 83.6 -435.358 499.64 143 372.933 530.73 66.5 -316.397 666.5 -55.9 158.013 706.46 -29 -43.3995 214.8 74.2 -156.357 -9.97 63.1 54.5305 -16.49 56.4 13.2963 -433.12 38.6 97.5245 -438.1 -112.8 -36.1075 -872.69 -110.6 118.692 -828.19 -167.2 -4.6125 129.42 2845.9
1.056 -22.5057 662.44 106.6 -34.4787 445.3 89.7 -195.469 452.22 98.3 126.511 438.38 81.1 -435.699 502.04 137 376.441 526 62.3 -307.789 677.39 -51.4 173.061 719.6 -23.6 -45.3237 217.88 69.6 -161.469 -5.02 55.1 49.1303 -14.07 43.8 16.7433 -425.14 52.8 88.8703 -446.37 -94.8 -42.8437 -878.84 -118.4 111.801 -836.35 -164.3 -1.8413 141.03 2851.5
1.069 -17.4312 656.33 112.7 -31.3862 441.22 88.6 -192.198 449.44 99.2 129.432 433 77.9 -434.538 503.11 130.6 380.532 528.02 54.8 -293.938 697.34 -37 182.152 733.58 -10.7 -44.7332 214.65 61.8 -163.238 -6.55 42 47.0738 -17.29 28.1 4.99462 -431.09 34.1 77.0688 -461.75 -50.3 -22.7072 -874.05 -92.2 110.662 -858.46 -162.1 -0.27182 142.96 2855.1
1.081 -11.134 655.29 114.5 -27.0821 440.5 87 -187.835 449.35 98.3 133.675 431.65 75.7 -434.395 504.72 130.7 381.635 528.67 48.8 -272.435 711.25 -4.3 179.775 737.99 23.4 -41.6841 214.46 56.2 -161.395 -5.79 32.9 48.8259 -17.36 18.1 -1.05763 -433.47 19 72.5539 -468.05 -27.3 -11.1234 -872.99 -72.7 106.985 -868.65 -158.6 1.4851 141.82 2856.2
1.093 -9.123 656.68 126.3 -26.3353 443.5 88.7 -187.121 452.61 99.5 134.449 434.39 77.9 -428.361 495.17 122.6 402.189 500.32 47.7 -255.171 716.16 20.9 192.199 705.82 52.4 -41.6413 218.72 50.4 -162.081 -0.11 19.3 48.1917 -12.02 5.1 -7.35848 -430.07 5.5 81.6347 -464.35 0.6 -9.9887 -868.32 -65.2 86.3577 -872.3 -164.9 7.4213 145.59 2858.3
1.101 -7.2654 672.94 133.8 -25.33 460.18 91.1 -186.085 469.41 102.3 135.425 450.94 79.8 -422.085 503.23 118.2 397.195 504.8 48.7 -229.245 722.41 53 184.015 703.19 88 -41.161 236.11 48.7 -162.115 18.09 13.7 48.132 6.01 -1 -10.9164 -413.34 3.6 106.075 -440.46 42.3 -12.1678 -851.84 -47.3 55.244 -878.46 -170.8 12.605 132.65 2856.8
1.109 -5.113 682.84 138.9 -24.5762 470.06 93.4 -185.393 480.58 102.1 136.237 459.54 84.7 -413.103 500.99 104.3 406.317 498.88 39.1 -202.453 711.48 90.6 186.137 682.74 106.6 -41.623 246.5 48.6 -163.193 29.79 9.5 45.855 16.11 -1.8 -15.9048 -402.99 -3 107.947 -436.46 22 -15.5519 -842.01 -36.6 38.575 -833.26 -154.6 18.383 125.94 2855.2
1.127 0.828 687.42 132 -20.4725 473.9 92.1 -181.205 486.31 99.8 140.265 461.49 84.5 -412.845 494.09 104.9 408.335 500.5 35.5 -183.755 691.51 115.9 188.995 677.38 125.9 -39.779 250.05 49.7 -162.555 34.19 12.2 44.39 18.21 2.4 -39.945 -404.74 -27.3 101.335 -435.59 10.7 -43.074 -843.45 -58.5 14.808 -836.67 -147.8 20.975 118.38 2851.8
1.143 5.086 689.2 141.8 -17.5133 476.37 96.6 -178.16 490.21 103.7 143.14 462.53 89.6 -413.82 484.63 94.9 410.55 499.31 40.1 -178.45 678.43 123.6 187.6 671.76 135 -38.76 253.55 50 -162.95 39.61 7.9 42.934 21.87 -1.2 -67.074 -404.71 -43.5 91.27 -433 -2.7 -72.853 -843.58 -72.2 -6.377 -838.69 -141.7 25.4 115.6 2848.9
1.156 7.427 681.58 145.9 -14.677 469.06 96 -175.324 482.77 103.7 145.966 455.34 88.4 -421.274 476.06 92.8 411.316 492.35 41.7 -186.164 671.99 131.3 192.066 669.09 139.7 -36.0355 247.16 45.2 -160.114 34.04 -0.7 45.324 16.5 -10.5 -87.628 -414.45 -54.2 84.646 -439.2 -17.2 -95.311 -853.46 -80.1 -19.048 -849.45 -137.2 28.774 119.9 2848.8
1.171 11.54 687.7 150.2 -12.216 475.08 100.7 -172.803 489.63 108.1 148.367 460.53 93.3 -420.173 480.1 90.4 405.797 492.56 51.3 -190.683 680.77 124.6 201.667 688.09 144.5 -34.6451 253.17 50.2 -161.063 40.68 4.6 46.916 21.84 -5 -29.9038 -397.93 14.9 78.177 -434.43 -14.1 -29.2806 -834.07 -65.1 -27.5397 -848.99 -116.3 34.923 119.38 2845.9
1.184 14.599 669.67 150.2 -8.267 457.97 98.8 -168.914 472.09 105.8 152.376 443.85 91.9 -409.314 479.81 87.9 399.166 494.54 52.9 -190.674 693.35 132.2 200.676 699.7 147.3 -30.0131 236.48 46.3 -155.784 24.12 -1.8 52.268 5.84 -10.8 -42.4478 -418.72 -18.9 76.826 -450.83 -20.5 -50.221 -852.19 -93.1 -27.873 -869.29 -106.4 39.694 131.93 2847.2
1.198 14.081 668.05 152 -8.771 456.8 101.9 -169.419 471.5 107.3 151.881 442.11 96.5 -405.229 485.31 100.6 403.011 500.68 63 -194.749 706.73 106.6 206.961 713.68 144.6 -30.791 235.4 49 -156.849 23.52 -0.5 51.223 4.49 -7.5 -65.302 -423.55 -32 70.421 -452.45 -16.6 -79.47 -857.87 -100.1 -31.091 -874.36 -88.4 43.919 134.06 2845.5
1.211 17.605 660.98 154.4 -6.872 449.41 105.3 -167.395 465.8 108.7 153.655 433.02 101.9 -404.485 485.63 107.9 403.645 514.81 66.2 -217.695 721.35 85.5 229.335 748.98 125.2 -30.577 228.13 52.6 -158.245 17.46 2.1 49.682 -3.77 -2.3 -87.005 -432.89 -34.7 64.675 -460.88 -10.6 -105.767 -868 -96.3 -32.184 -885.79 -70 48.325 139.56 2843.6
1.227 18.499 663.19 156.9 -7.563 450.62 111.2 -168.004 468.02 114.1 152.876 433.21 108.2 -406.774 490.61 113.4 404.786 510.69 69.5 -249.804 738.73 65.7 255.726 761.69 90 -32.534 228.98 60.6 -162.664 18.75 12 47.656 -4.07 8.2 -108.264 -433.96 -24.6 28.813 -463.86 -20.3 -130.088 -869.8 -79.7 -35.89 -902.63 -177.6 53.694 144.49 2840.9
1.241 21.04 658.53 163.1 -5.111 448.1 117.4 -165.491 465.95 121.2 155.269 430.25 113.6 -405.931 496.91 120.5 417.349 513.95 80.6 -282.331 751.96 46.2 295.529 771.92 45.6 -30.961 226.62 66.6 -162.191 16.86 18.2 48.569 -6.6 13.3 -120.985 -437.47 -15.4 -8.338 -459.11 -23.3 -144.625 -873.95 -64.3 -40.794 -901.48 -145.5 54.391 141.14 2835.6
1.254 20.947 657.56 168 -5.076 446.97 122.3 -165.481 464.57 126.2 155.329 429.37 118.4 -406.941 515.03 123 421.699 521.56 87.5 -311.031 763.25 10.9 322.219 776.9 1.8 -30.621 225.47 71.4 -159.641 15.31 23 47.309 -7.39 18 -128.468 -440.1 -6.5 -57.9512 -447.01 -30.1 -152.948 -877.15 -49.6 -29.278 -886.71 -121.3 59.161 137.99 2833.1
1.271 24.611 661.81 170 -1.927 449.16 127.7 -162.292 466.82 132.7 158.438 431.5 122.7 -406.822 521.8 123.7 424.998 513.08 93 -336.132 751.02 -30.9 350.758 756.84 -38.6 -27.871 226.98 80.2 -158.479 16.33 35.9 50.848 -6.72 29.4 -134.839 -439.8 10.7 -91.355 -429.38 -50.7 -159.417 -877.32 -27.2 -14.605 -873.52 -101.9 60.442 138.7 2829.8
1.286 25.83 670.26 176.8 -0.011 458.45 136.5 -160.353 476.07 142.4 160.334 440.82 130.5 -408.426 529.96 137.4 425.484 518.1 100.5 -373.426 744.54 -48.1 369.514 741.03 -68.4 -26.167 235.95 90.5 -157.064 24.97 48.4 52.424 1.94 40.6 -113.81 -377.87 -38.3 -62.4467 -439.7 -55.4 -1.187 -846.27 -55.7 -66.1529 -883.23 -134.7 62.746 129.79 2823.9
1.299 28.652 680.31 180.8 3.139 467.14 142.4 -157.211 484.34 149.2 163.491 449.93 135.5 -409.829 538.47 163.3 426.131 516.05 119.4 -395.369 714.8 -63.9 383.201 722.88 -77.7 -22.66 244.16 98.6 -153.263 32.43 59.3 56.341 9.93 50.3 -100.657 -367.28 -93.7 13.181 -438.52 -14.7 27.479 -820.94 -59.6 -81.476 -861.39 -144.8 64.489 120.9 2818.3
1.31 27.75 674.76 170.2 4.037 462.32 140.8 -156.289 478.89 149.3 164.36 445.74 132.2 -412.33 547.52 177.7 428.16 511.35 127.8 -394.48 675.2 -79.9 386.32 691.65 -92.5 -21.157 238.26 102.9 -151.174 25.04 70.6 58.47 3.36 59.4 -135.455 -348.98 -153.7 39.06 -449.27 15.2 41.31 -815.59 -55.3 -89.697 -859.77 -155.5 66.19 115.14 2815.6
1.325 24.938 670.25 155.3 1.276 456.95 138.5 -159.005 473.17 148.5 161.558 440.73 128.5 -414.412 545.45 202.2 431.838 504.42 138.3 -380.092 649.95 -59.4 367.268 664.22 -88 -23.347 231.67 109.2 -152.772 17 86.4 56.838 -4.21 73.3 -135.857 -368.04 -197.8 46.988 -457.43 22.4 47.528 -794.84 -44.5 -79.5189 -851.84 -162.4 70.882 111.35 2812.4
1.341 20.765 664.34 137.8 -1.677 450.11 135.2 -162.086 466.14 143 158.73 434.08 127.3 -399.63 540.85 230.9 434.48 498.24 153.5 -338.98 613.85 -34.4 332.35 634.06 -71.2 -25.218 223.74 116.5 -153.658 7.84 103 56.14 -13.123 92.7 -149.842 -368.45 -237.7 45.81 -465.63 31.9 50.85 -786.35 -36.6 -67.9603 -845.81 -165.8 74.8 113.1 2807.9
1.349 24.055 651.35 131.3 1.912 437.15 132.6 -158.579 453.11 138.9 162.402 421.19 126.4 -394.198 520.21 245.6 438.362 479.88 163.4 -282.208 587.89 -5.9 293.952 604.44 -43.2 -21.257 210.36 116.9 -149.374 -6 105.2 60.522 -26.876 97 -146.988 -363.39 -274.6 56.992 -478.4 27.1 52.862 -796.34 -48.6 -56.54 -845.16 -191.9 75.268 116.28 2805.3
1.358 27.252 642.95 127.5 4.531 426.89 131.7 -155.961 442.58 138.7 165.022 411.21 124.6 -394.498 486.44 248.9 442.782 451.3 160.7 -234.488 571.81 37.3 257.052 577.29 -4.2 -18.139 199.71 121.1 -145.757 -17.22 115 64.142 -37.733 105.8 -146.367 -349.21 -285.5 51.742 -487.74 27.1 48.552 -803.69 -43.5 -49.703 -839.8 -203.7 76.048 133.29 2803.6
1.366 26.155 639.7 129.4 4.678 424.34 133.9 -155.813 439.79 141.6 165.165 408.88 126.3 -390.725 480.06 253.8 447.555 448.63 148.6 -196.905 583.31 71.1 229.065 590.05 45.3 -17.61 196.95 125.7 -144.848 -20.33 122.4 65.055 -40.544 112.4 -150.007 -334.27 -304.7 44.965 -489.54 28.9 41.455 -818.01 -47.2 -45.676 -848.42 -218.6 75.005 133.8 2799.4
1.373 24.689 617.88 115.9 4.219 403.33 128.4 -156.337 418.76 134.5 164.779 387.89 122.4 -393.041 463.51 249.8 447.419 433.33 138.7 -189.001 589.52 87.2 214.809 587.49 73.6 -17.758 175.8 125.8 -144.733 -41.64 127.1 65.259 -61.827 119.2 -151.327 -321.04 -315.9 38.449 -507.2 20.5 37.899 -839.41 -50.7 -15.068 -905.24 -197.4 76.151 147.94 2799.3
1.392 22.512 604.16 112.6 2.475 389.58 127.8 -158.13 404.85 133 163.079 374.32 122.5 -390.751 451.89 229.3 446.029 421.9 126.2 -190.281 615.22 98.9 215.169 594.95 88.1 -19.155 161.97 128.1 -145.809 -55.66 131.8 64.239 -75.631 124.9 -157.422 -292.92 -332.7 26.009 -515.26 7.5 -18.448 -748.75 -112.2 6.219 -929.84 -170.9 76.301 158.34 2796.8
1.406 24.215 586.02 109.1 3.208 371.18 126.3 -157.374 386.81 131.3 163.795 355.54 121.4 -389.895 438.14 212.1 437.995 405.64 121.6 -207.025 628.07 91.4 220.745 594.43 76.1 -18.853 143.6 129.5 -145.926 -73.75 135.9 64.095 -94.195 129.4 -155.004 -267.399 -339.8 24.625 -531.01 1.3 -50.517 -680.81 -168.1 15.254 -929.96 -129 76.665 175.48 2795.9
1.417 21.33 578.14 107.4 2.061 364.09 124.5 -158.543 378.72 131.2 162.666 349.46 117.8 -389.954 446.42 198.1 433.996 406.68 115.3 -244.814 667.99 80.1 245.546 617.74 46.5 -18.491 136.38 129.1 -144.077 -81.758 138.1 65.986 -100.895 129.3 -152.606 -240.479 -347.7 27.856 -537.45 -0.9 -67.3621 -641.19 -204.8 24.076 -920.21 -108.3 76.344 177.88 2795.9
1.427 22.074 559.97 98.9 1.43 346.49 122.9 -159.135 361.92 128.7 161.994 331.06 117 -401.936 434.61 178.5 429.534 389.72 101.1 -299.316 678.71 62.3 291.104 625.05 6.7 -19.999 119.18 134.2 -146.429 -98.038 149.3 63.574 -118.217 141.7 -157.106 -225.156 -346.6 25.954 -556.78 17.9 -82.9844 -630.01 -219.7 22.664 -926.71 -83.7 79.116 195.55 2794
1.437 22.547 556.95 109.2 3.631 343.48 127.6 -157.071 357.85 132.2 164.337 329.11 123 -403.773 433.91 163.7 436.467 391.48 81 -364.093 689.44 43.2 356.487 647.78 -19.2 -16.482 115.88 135.9 -141.686 -102.317 147.2 68.497 -121.11 141.2 -155.555 -215.32 -363.1 32.857 -557.12 8.2 -86.9946 -627.25 -243.1 28.037 -928.71 -88.6 78.373 195.66 2790.1
1.456 26.396 554.1 116.1 9.342 339.39 132.3 -151.51 352.35 135.3 170.196 326.43 129.3 -417.214 424.87 140.1 451.906 384.17 67.2 -434.954 678.65 13.7 429.166 645.41 -50.3 -8.892 111.55 138.7 -132.32 -107.819 147.1 78.066 -124.767 143.1 -152.112 -212.912 -354.3 42.766 -559.93 7 -85.8319 -633.38 -239.8 33.296 -928.44 -81.2 77.024 200.91 2785.8
1.47 28.882 566.97 117.5 12.143 351.43 134.4 -148.786 363.69 135.8 173.072 339.16 132.9 -428.258 427.55 125.2 464.302 380.7 52.7 -508.228 659.93 -17.3 507.612 631.83 -79.1 -5.178 123.48 140.5 -127.739 -96.445 147.7 82.742 -112.49 145.8 -156.009 -207.915 -344.2 42.042 -549.25 16.5 -90.369 -644.15 -229 30.692 -914.19 -70.7 76.168 192.84 2783.3
1.483 25.449 590.91 122.4 9.659 374.85 137.7 -151.323 386.57 138.7 170.639 363.14 136.7 -441.451 421.89 110.9 470.829 382.97 43.7 -580.651 619.15 -44 571.359 602.55 -111.5 -6.905 146.8 142.1 -128.738 -73.589 147.1 81.799 -88.906 145.8 -160.449 -205.174 -336.9 38.399 -526.78 21.1 -95.129 -650.29 -222.2 25.409 -893.03 -66.1 77.911 172.3 2779.3
1.491 31.646 612.87 124.1 14.452 396.57 138.5 -146.508 408.6 138.1 175.416 384.55 138.9 -443.084 414.3 97.1 479.056 371.85 34.5 -632.454 543.63 -69.3 635.756 531.68 -141.3 -2.594 168.53 141.6 -124.901 -51.65 144.5 85.616 -67.381 145 -158.212 -206.959 -326.5 45.446 -508.54 31.8 -95.552 -669.02 -210.6 29.666 -870.66 -60.5 74.814 156.29 2778
1.499 35.635 634.95 123.9 18.367 418.8 137.2 -142.602 430.58 135.4 179.335 407.02 139 -437.625 403.12 86.2 474.945 350.9 30.4 -658.785 465.19 -81 677.955 448.85 -142.4 1.66 190.71 139.1 -120.314 -29.67 139.8 90.215 -45.075 142.2 -153.305 -219.61 -313.9 53.255 -485.74 25.7 -95.475 -691.14 -197.5 34.655 -854.92 -59 72.495 136.67 2778.4
1.507 35.062 659.37 123.7 18.576 441.36 136.4 -142.355 452.92 132.2 179.502 429.8 140.5 -429.808 378.22 81 464.982 335.62 27.6 -662.638 369.16 -88.4 682.372 354.25 -150.9 2.156 213.24 137.6 -119.513 -7.31 136.1 90.982 -22.434 141.6 -151.237 -233.96 -300.2 53.912 -464.57 30.7 -100.822 -710.73 -183 33.702 -835 -57.6 73.248 120.17 2777.8
1.526 36.167 681.15 125.1 18.773 463.29 133.6 -142.037 476.05 128.3 179.587 450.53 138.9 -414.093 347.76 73.5 450.307 306.47 26.3 -641.113 263.84 -82.5 661.087 252.52 -158.9 0.766 235.33 131.2 -122.401 15.72 125.3 87.917 -0.97 132.2 -150.921 -254.97 -292.7 58.387 -443.77 21.7 -112.213 -728.85 -178.1 26.907 -817.69 -65.5 73.323 100.93 2778.9
1.541 34.67 695.972 131.8 16.269 476.672 128.9 -144.486 490.242 123.7 177.02 463.102 134.1 -400.16 298.812 62.7 422.53 270.162 27.6 -602.26 142.172 -73.7 614.62 141.572 -143.8 -2.557 249.222 117.5 -126.504 30.632 102.6 83.74 12.892 109.4 -147.325 -272.928 -282.6 62.93 -431.158 2.2 -118.971 -746.378 -175.8 24.09 -802.548 -79.3 76.78 90.038 2783.5
1.555 34.882 711.624 133.5 16.639 492.144 122.1 -144.042 506.004 115.6 177.322 478.274 128.6 -375.958 262.064 55.7 393.892 233.784 27.2 -539.818 44.114 -57 552.202 41.934 -122 -2.246 265.054 104.6 -126.207 47.044 82.8 83.952 28.904 91.4 -128.139 -296.946 -233.5 65.922 -419.136 3.5 -118.25 -757.306 -158.4 24.222 -791.266 -79.4 76.788 76.336 2787.9
1.563 34.64 729.32 135.3 18.188 509.97 116 -142.433 523.21 107.3 178.81 496.72 124.7 -339.7 241.73 52.1 361.73 208.14 31.8 -461.99 -20.402 -34.1 474.28 -34.979 -88.6 0.701 283.18 93.5 -121.831 65.06 65.3 88.26 47.73 76.7 -109.505 -314.36 -188.3 73.47 -403.36 5.9 -116.823 -756.17 -142 27.9 -777.12 -78 73.15 59.44 2790.7
1.571 31.763 746.642 121.1 16.534 526.422 104.6 -143.901 538.892 92.5 176.973 513.952 116.7 -301.707 255.152 63.2 324.593 192.712 53.1 -385.427 -32.43 -11.2 399.633 -80.828 -56.5 0.436 299.292 84 -120.597 80.312 55.5 89.273 64.002 71.3 -84.489 -325.148 -141.1 58.233 -387.688 11.2 -115.163 -750.128 -124.3 28.023 -762.458 -70.2 72.327 44.068 2792.7
1.579 32.527 763.644 126 17.944 541.464 103.4 -142.233 555.194 89.4 178.117 527.734 117.5 -268.723 249.554 69.2 292.187 210.444 82.2 -317.183 -51.037 -4.8 329.407 -80.87 -17.4 0.731 314.874 78.3 -121.225 97.274 44 88.257 79.314 62.4 -73.8878 -327.056 -102.8 42.907 -372.296 11.1 -118.072 -739.066 -116.2 27.277 -747.906 -76.3 70.423 37.196 2793.2
1.587 31.097 771.748 119.1 17.204 551.038 99.3 -143.003 563.568 84.3 177.407 538.498 114.2 -241.263 264.388 79.8 265.487 220.378 101.4 -264.023 -41.7099 1.6 277.037 -80.99 11.7 1.648 324.118 75.8 -118.665 105.398 42.5 90.847 89.008 62.1 -56.431 -330.682 -57.1 42.137 -363.682 23.9 -116.938 -748.562 -99.7 31.427 -745.062 -65.8 69.233 33.372 2791.3
1.599 34.373 778.606 116.8 19.307 557.636 96.8 -140.993 569.936 82.5 179.61 545.346 111.1 -219.56 268.666 79.6 249.58 229.046 115 -225.17 -34.5398 -17.8 244.85 -77.116 30.1 4.065 330.746 72.6 -115.997 111.886 39.1 93.64 95.816 57.8 -48.115 -330.624 -34.6 37.78 -357.034 34.6 -117.091 -750.124 -95.2 35.189 -743.354 -68.7 62.86 29.354 2789.2
1.616 33.566 781.779 113.4 19.362 559.969 94.4 -141.135 571.479 81.8 179.858 548.459 107 -215.622 268.589 79.5 234.218 243.619 121.9 -194.662 -29.8177 -31.4 239.888 -69.476 64.5 4.969 332.979 70.4 -114.383 113.529 38.2 95.538 98.469 54.7 -36.726 -332.231 1.1 38.148 -354.761 43.5 -111.503 -755.341 -89.8 40.348 -744.581 -67.4 60.062 33.431 2789.9
1.631 27.7 778.743 100.8 16.674 557.363 86.2 -143.783 566.853 71.7 177.13 547.863 100.7 -212.55 279.793 79.1 224.42 257.683 119.1 -176.76 -16.434 -37.4 239.98 -59.235 87.6 5.117 329.953 65.1 -111.38 108.753 34.6 98.5 96.333 53.5 -30.655 -338.827 24.1 43.34 -357.317 56.1 -107.195 -770.007 -94.4 45.56 -753.517 -65.6 58.15 29.157 2790.6
