0 2.292 772.414 81 -0.925 552.044 71.5 -162.043 555.304 63.1 160.19 548.784 79.9 -218.98 252.974 83.6 230.62 247.844 88.6 -217.61 -72.111 55.7 219.27 -72.899 16.8 -4.687 323.974 55 -113.837 98.034 33 96.94 93.764 43.9 -26.856 -350.726 41.8 46.76 -360.546 58.4 -76.058 -773.456 -64.1 70.49 -767.016 -92 77.08 26.416 2823
0.013 2.635 765.619 80.6 0.366 544.919 71.8 -160.527 548.479 60.1 161.257 541.359 83.6 -220.853 239.249 82 228.737 233.499 81 -222.393 -85.849 54 223.517 -88.553 14.8 -3.451 316.859 55 -112.489 91.129 30.5 97.957 86.469 45.9 -20.985 -356.561 46.7 51.447 -368.381 55.4 -69.3455 -775.251 -64 76.257 -770.041 -93 78.173 34.231 2823.7
0.024 7.446 763.818 77.5 5.375 542.438 71.7 -155.647 545.528 61.3 166.396 539.338 82 -222.454 231.878 81.5 234.606 226.998 73.2 -233.334 -92.623 50.1 234.526 -96.067 11.8 1.936 314.228 56.9 -106.786 88.048 35.4 103.786 84.008 49 -15.502 -359.062 63.3 56.286 -370.472 66.9 -69.2719 -781.772 -58.6 78.806 -773.372 -94.1 74.764 38.502 2823.4
0.032 5.711 764.157 79.2 1.754 543.087 73.7 -159.396 545.997 65.4 162.904 540.187 81.9 -231.766 220.387 74.4 237.264 216.947 64.8 -259.766 -104.794 54.4 255.564 -105.752 -5.9 -1.635 314.847 59.5 -110.406 88.507 39.9 100.354 84.697 50.7 -21.551 -359.533 61 46.334 -369.213 63.6 -75.2734 -782.783 -60.3 74.354 -776.633 -93.9 76.926 37.803 2822.5
0.04 4.416 755.426 84.7 0.907 534.806 77.3 -160.187 537.796 67.8 161.996 531.816 86.8 -242.174 202.376 70.5 245.406 212.036 57.6 -288.374 -120.542 51.1 287.766 -100.274 -34.1 -2.457 306.596 62.5 -111.16 80.346 41.6 99.516 76.436 54 -23.867 -368.324 55 46.686 -377.774 61.5 -75.6335 -790.334 -60.5 72.016 -784.484 -92.4 75.754 50.214 2820.5
0.048 1.641 748.596 76.8 -2.361 527.776 77.4 -163.416 531.456 67.3 158.695 524.096 87.4 -259.965 198.606 64.4 263.325 206.426 43.4 -334.125 -120.098 28.1 330.755 -96.268 -70.3 -7.027 299.356 68.5 -117.01 73.346 53.1 93.625 68.536 66.3 -27.077 -374.904 65.4 40.575 -385.654 76.1 -78.5762 -800.894 -48.3 67.725 -794.814 -80.8 78.745 54.194 2816.6
0.056 3.854 746.318 74.5 -0.635 525.288 79.7 -161.567 529.528 68.1 160.298 521.038 91.3 -279.312 210.048 53.5 286.838 208.918 26.5 -377.862 -95.18 -6.4 379.948 -80.518 -103.1 -6.309 296.768 74.7 -117.226 71.028 62.2 93.258 65.478 77.4 -27.912 -377.152 56.3 45.498 -388.652 64.5 -74.9364 -799.352 -47.7 70.588 -795.112 -80.3 77.182 52.372 2812.5
0.07 5.328 731.739 74.2 -0.771 510.859 82.3 -161.781 515.649 72 160.24 506.059 92.5 -299.29 212.829 45.4 308.28 210.779 10.9 -428.46 -70.782 -38.3 426.13 -58.1995 -141 -7.444 282.299 80.1 -119.408 56.889 71.2 91.17 50.609 84.7 -28.626 -390.891 56.1 44.6 -403.661 65 -73.8376 -809.421 -43 71.6 -803.171 -78.1 79.74 58.871 2808.6
0.085 6.029 724.825 67.1 -0.497 503.355 83.8 -161.576 507.825 74.5 160.587 498.885 93.1 -318.203 217.595 37.4 321.577 216.605 -1.3 -469.433 -42.932 -69.9 470.527 -12.253 -178.6 -7.161 274.965 89.4 -119.161 49.495 88.9 91.507 43.645 101.1 -33.667 -398.155 56.2 48.747 -411.115 80.5 -72.2411 -810.725 -31.7 72.017 -802.805 -65.1 80.453 65.735 2802.6
0.096 10.324 706.558 54.6 2.12 488.188 81.2 -159.058 493.098 74.4 163.299 483.278 88 -335.771 225.898 25 341.129 235.498 -13.9 -502.411 -5.758 -115 507.009 53.618 -217.4 -5.42 260.268 95.3 -118.374 35.558 104.9 92.449 29.129 113.7 -45.255 -409.882 40.8 46.369 -424.972 86 -71.0607 -822.412 -28 71.679 -817.722 -65.4 80.461 69.222 2799
0.105 13.735 696.6 39.4 4.167 480.03 78.3 -156.977 485.66 71.1 165.313 474.39 85.6 -347.647 247.64 23.8 358.303 249.92 -25.7 -528.657 44.76 -135.6 534.143 121.83 -252.1 -4.911 253.35 103.9 -119.364 30.35 124.7 91.383 22.982 134.2 -64.205 -408.26 19.5 53.163 -427.44 73.6 -75.2284 -811.33 -24.3 68.513 -815.07 -55.8 81.477 70.43 2794.2
0.122 18.358 673.639 32.8 6.974 460.429 77.3 -154.14 467.779 71 168.088 453.069 83.5 -355.712 255.319 23.8 373.768 257.989 -36 -556.212 82.729 -146.5 543.598 183.829 -284.2 -4.621 234.809 110.6 -121.579 14.009 139.9 89.148 4.385 148 -101.266 -413.751 -6.6 63.258 -441.411 57.7 -79.0532 -824.211 -29.7 64.808 -826.391 -56.6 84.652 80.701 2789.3
0.137 22.327 665.072 23.5 12.04 456.752 76.8 -149.051 464.282 70 173.127 449.222 83.6 -357.793 279.762 23.7 392.447 290.062 -45.2 -564.763 135.742 -163.4 548.597 267.182 -307.6 -0.289 233.182 121.2 -117.957 14.545 161.1 92.727 4.695 170 -124.126 -397.118 -25.8 74.127 -435.838 54.8 -78.7479 -814.898 -20.8 66.667 -814.558 -41.4 82.743 69.768 2782.8
0.15 23.261 635.71 3.8 12.614 434.49 73.5 -148.389 442.22 65 173.621 426.76 81.9 -365.789 283.28 26.1 402.821 301.82 -51.9 -573.749 174.5 -179.4 539.371 334.47 -320.7 -1.075 215.16 133.8 -120.054 0.89 188.6 90.521 -9.224 199.6 -152.744 -385.96 -41.5 77.711 -443.3 60.8 -90.6718 -812.28 -18.2 61.441 -814.78 -25.2 86.189 70.55 2776.2
0.159 25.773 612.171 -11.6 14.193 415.241 72.4 -146.795 422.751 63.4 175.183 407.731 81.4 -374.557 282.531 26.3 412.743 316.251 -56.2 -583.257 194.081 -187 523.423 396.871 -324 -0.032 200.691 147.6 -119.529 -8.946 216.8 91.023 -18.772 228.6 -196.037 -345.629 -103.6 83.003 -440.149 56.5 -109.003 -797.289 -31 58.073 -807.689 -18.3 88.227 70.919 2766.4
0.167 37.208 595.489 -16.7 22.228 399.669 72.5 -138.679 408.779 63.6 183.138 390.559 81.4 -376.152 278.929 28.5 430.498 328.299 -58.3 -586.322 209.209 -190.2 498.078 456.699 -317.1 5.637 187.969 155.7 -116.181 -17.766 233.1 94.278 -29.683 244.8 -216.532 -320.351 -117.9 90.888 -432.701 34.9 -124.512 -778.681 -46.1 56.938 -807.151 -23.3 86.002 66.301 2758.4
0.175 44.37 570.335 -27 29.55 378.695 70.1 -131.344 389.515 63.5 190.44 367.875 76.6 -375.54 269.095 20.3 439.8 345.375 -66.2 -589.67 214.775 -198.1 475.15 511.385 -307.6 11.804 170.765 162.3 -111.17 -30.097 250.3 99.29 -44.252 258.9 -233.84 -290.945 -121.6 97.53 -438.005 30.1 -147.826 -752.115 -58.7 59.46 -802.535 -17.8 84.04 59.975 2751.7
0.183 52.084 541.578 -37.5 41.604 353.868 68 -119.479 362.268 63.2 202.694 345.458 72.8 -371.966 262.938 15.3 447.204 363.168 -68.8 -589.146 210.458 -198.2 449.804 561.068 -284.1 27.954 150.028 169.7 -90.435 -48.3558 268.2 119.034 -59.283 274.4 -233.936 -268.222 -115.1 113.204 -442.772 27.8 -159.929 -727.812 -65.7 77.864 -795.312 -10.5 79.736 47.052 2746.6
0.202 70.988 519.086 -48.3 57.628 335.976 64.4 -103.314 346.626 59 218.568 325.336 69.9 -361.052 248.826 9.8 457.528 374.406 -65.3 -580.872 186.206 -192 428.618 595.396 -251.5 40.708 136.736 174.5 -81.143 -55.57 280.9 128.738 -69.453 288 -254.162 -232.824 -112.5 103.298 -436.444 19.5 -197.162 -689.114 -78.8 71.908 -778.814 -8.6 69.452 35.194 2740.2
0.218 85.104 509.525 -53 69.644 325.305 60.2 -91.272 334.965 52.6 230.564 315.645 67.8 -357.786 237.025 -1.7 467.004 389.775 -59.8 -584.726 162.685 -185.2 404.684 624.205 -218.2 52.424 127.655 173.4 -69.879 -63.694 281.7 140.274 -76.314 291.6 -253.556 -212.095 -112.7 112.344 -430.035 5.4 -215.556 -676.745 -88.4 85.544 -761.865 -13 62.956 19.005 2734.7
0.236 95.061 500.978 -55.8 79.991 315.898 55.8 -80.82 323.868 45.1 240.801 307.928 66.5 -347.419 218.998 -7.9 474.471 400.848 -52.4 -582.579 138.588 -171.2 371.771 634.598 -186.3 62.571 119.468 171.3 -59.9576 -71.7516 279.9 150.241 -82.1696 293.9 -260.689 -198.942 -103.6 113.721 -431.492 2.2 -249.189 -654.762 -96.5 90.261 -744.782 -10.1 58.479 5.0316 2730.4
0.25 101.842 492.513 -66.3 92.832 309.323 48.4 -67.909 312.323 35.3 253.562 306.323 61.5 -329.648 213.473 -16.3 491.782 414.353 -37.4 -570.778 114.783 -154.6 351.362 632.543 -162.3 79.472 114.723 167.6 -39.0071 -77.909 278.1 171.232 -81.834 295.3 -256.338 -196.617 -87.7 128.322 -425.767 -2.3 -277.088 -641.527 -102.7 104.172 -726.167 -8.3 48.128 -13.903 2730.5
0.259 112.907 490.902 -69.3 104.687 306.862 44.9 -55.825 306.512 29 265.197 307.212 60.9 -322.143 200.702 -19.6 503.077 425.632 -22.1 -567.423 89.677 -147 327.377 620.132 -144.1 93.157 112.781 165.2 -23.322 -81.528 275.1 186.567 -81.068 296 -259.223 -233.548 -73.8 131.507 -419.638 -5.9 -312.703 -636.408 -113.4 106.637 -708.618 -10 37.363 -32.902 2728.2
0.266 119.073 489.385 -68.1 110.883 303.745 43.3 -49.307 300.935 24.4 271.073 306.545 62.1 -323.507 184.215 -23.1 508.593 427.195 -3.9 -574.597 59.92 -130.4 315.263 596.095 -137.9 100.183 109.334 163.2 -15.25 -86.905 270.8 194.223 -83.235 295.4 -267.587 -272.495 -52.8 132.983 -414.325 -13.6 -351.877 -624.825 -130.9 110.493 -693.925 -12.8 34.127 -43.815 2725.4
0.281 120.966 493.038 -80.7 114.556 311.508 36.4 -45.077 304.778 14.4 274.196 318.238 58.5 -314.804 182.378 -27.5 516.236 436.288 13.2 -566.674 44.226 -117.8 323.346 576.278 -145.6 105.396 120.193 161.2 -8.178 -75.532 271.6 200.636 -66.722 300.5 -273.964 -287.692 -26.4 128.616 -329.202 -33.3 -389.844 -608.492 -141.3 113.876 -665.002 -6.9 28.534 -64.128 2725.1
0.294 126.132 497.966 -86.9 121.962 318.186 31.5 -36.983 307.826 6.2 280.902 328.536 56.8 -297.668 174.221 -33.6 525.852 449.646 29.8 -553.458 33.151 -113 352.992 557.966 -165.8 114.122 128.181 158.5 2.33 -68.594 268.9 210.222 -55.044 302 -267.258 -303.874 -10.3 132.322 -283.994 -47.5 -412.858 -600.764 -158.3 125.452 -645.894 -8.8 17.998 -83.066 2726.9
0.311 129.342 511.69 -90.1 127.612 329.42 27.6 -30.7732 315.39 0.5 285.992 343.45 54.8 -290.288 171.611 -40.2 534.972 461.83 57.5 -542.478 14.477 -104.1 402.722 546.57 -175.1 122.792 139.034 154.2 14.4188 -60.52 263 221.542 -42.18 298.5 -258.598 -313.94 1.9 141.492 -245.99 -58.9 -425.278 -589.79 -173 136.552 -625.44 -16.1 9.4582 -101.02 2726.9
0.327 126.954 509.75 -92.4 125.683 328.67 26.5 -31.8015 310.96 -3.5 283.183 346.38 56.5 -287.046 158.37 -40.8 529.583 472.96 73.1 -541.447 1.45 -102.9 443.974 539.21 -181.7 122.533 139.495 154.9 16.3805 -61.27 263.8 222.374 -38.1 303 -254.696 -336.26 22.7 137.444 -227.88 -52.2 -438.676 -591.2 -165.3 135.974 -615.6 -8.8 8.0965 -109.55 2726.6
0.344 122.421 507.65 -92.8 122.451 325.92 26.3 -33.439 303.76 -8.3 278.341 348.07 60.9 -291.309 150.263 -44.8 521.011 478.54 77.2 -544.329 -14.78 -98.6 477.941 547.97 -192.9 120.521 137.342 155.7 16.601 -65.73 262.4 220.581 -36.74 307.7 -242.279 -368.66 43.2 132.691 -219.6 -51.8 -446.439 -594.66 -166.6 133.951 -612.46 -9 10.309 -116.33 2726.7
0.359 114.185 503.88 -101.5 118.165 324.31 22.4 -36.549 296.84 -13.7 272.885 351.79 58.4 -294.435 141.54 -44.8 512.705 483.15 72.2 -545.885 -29.41 -91.9 494.025 563.29 -202.3 120.205 138.298 155.3 21.069 -65.68 264.6 223.415 -29.75 311.8 -232.145 -384.56 60.3 132.385 -203.96 -54.1 -453.645 -589.51 -166.3 135.515 -601.39 -10.7 11.385 -118.03 2724.8
0.372 115.051 496.38 -95.9 120.481 316.25 25.4 -33.1132 286.01 -13.4 274.081 346.48 64.2 -292.049 135.883 -48.9 512.031 489.72 56.6 -543.399 -36.92 -95.7 505.201 585.99 -211.8 124.131 129.188 156.8 27.3578 -77.64 263 228.181 -38.11 313.6 -222.819 -406.77 70 130.341 -215 -56.2 -461.909 -602.89 -174.4 137.411 -614.71 -12 9.0392 -120.63 2725.4
0.388 104.29 491.48 -94 113.96 309.65 25.1 -38.971 276.83 -14.4 266.89 342.48 64.6 -293.4 128.723 -52.2 503.15 483.15 45.5 -543.92 -46.14 -101.8 493.59 603.72 -211.3 120.72 121.668 155.1 27.507 -87.77 259.3 227.46 -44.86 311 -232.43 -408.54 64.2 122.67 -207.47 -62.2 -472.79 -599 -182.5 136.7 -610.83 -15.1 10.4 -116.09 2724
0.403 97.8124 492.37 -100.2 110.012 310.8 19.9 -43.0166 276.15 -17.7 263.032 345.44 57.6 -293.418 121.103 -52.6 502.852 471.32 52.2 -541.798 -55.58 -100.6 470.142 615.56 -188.6 120.362 123.291 150.4 30.6644 -86.87 256.2 230.772 -41.56 305.4 -236.028 -404.22 63.9 123.102 -200.3 -65.6 -474.188 -592.76 -182.9 138.122 -604.48 -18.1 7.9176 -109.29 2722
0.412 95.4695 488.46 -95 108.809 306.15 21.9 -43.9665 271.07 -16.5 261.589 341.23 60.3 -296.331 120.364 -54 497.799 474.98 57.9 -542.4 -56.77 -103 426.389 624.75 -170.1 120.34 116.624 149.3 31.9695 -95.84 251.6 231.75 -49.96 301.8 -232.93 -419.4 67 125.659 -217.45 -61.2 -473.581 -609.56 -182 137.169 -623.04 -13.9 8.5905 -109.46 2722.7
0.42 94.994 491.94 -103.7 109.474 311.08 17.1 -43.134 274.45 -20.6 262.074 347.71 54.7 -295.026 118.754 -54.5 490.034 470.08 62.5 -538.496 -58.38 -107.1 389.824 623.78 -150.5 122.534 123.254 146.8 35.808 -88.53 251.9 235.384 -40.62 301.2 -235.516 -406.49 66.7 131.824 -203.37 -61.6 -471.236 -592.67 -178 138.574 -606.16 -10.9 5.156 -108.31 2724.3
0.438 89.2698 503.34 -100.1 106.665 320.39 15.9 -45.5322 282.49 -22.2 258.855 358.28 54 -296.295 122.243 -55.3 490.745 472.92 68.7 -540.685 -53.93 -102.2 361.135 629.9 -130.9 122.165 130.69 142.6 38.1548 -83.79 244.4 237.195 -34.23 294.3 -226.555 -410.68 65.4 138.555 -206.38 -67.9 -469.045 -600.17 -186.2 141.425 -608.78 -17.6 5.8652 -113.52 2726.2
0.454 90.8893 512.25 -89.3 109.467 324.03 17.8 -42.2757 285.64 -21.6 261.207 362.41 57.2 -291.743 120.568 -55.2 498.767 469.95 76.3 -536.933 -55.06 -94.3 343.497 619.65 -113.8 127.027 130.725 138.5 45.3523 -87.68 233.4 243.817 -37.48 284.9 -222.773 -411.78 54.1 144.687 -209.27 -72.9 -460.793 -604.49 -185.9 145.627 -612.47 -22.7 0.56272 -111.72 2727.7
0.469 83.2257 511.59 -86.4 102.226 322.19 18 -49.6973 284.2 -21.1 254.156 360.18 57.1 -298.274 116.758 -51.7 487.486 464.44 83.6 -542.304 -59.01 -92.6 328.066 608.61 -101 120.596 127.249 136 39.6097 -92.53 228.5 238.306 -42.85 279.6 -233.984 -414.95 54.4 139.866 -215.42 -68.2 -462.394 -605.72 -175 140.836 -616.52 -20.1 5.6743 -107.33 2729.9
0.482 78.3064 507.461 -84.5 98.5654 316.681 19.4 -54.0496 279.751 -18 251.175 353.611 56.8 -304.205 114.671 -49.9 488.675 459.501 89.2 -546.595 -58.999 -103.1 321.795 596.271 -99.4 117.215 121.128 136.5 36.0624 -98.579 229.1 235.675 -50.279 277.9 -239.475 -417.409 51.4 139.675 -223.479 -66.2 -457.755 -611.999 -165 137.655 -624.029 -18.6 6.8946 -99.951 2731.5
0.495 73.2423 513.264 -84.3 93.6873 321.394 18.2 -59.7997 285.574 -16.4 247.177 357.224 52.9 -306.833 119.701 -47.3 482.607 456.094 95.3 -548.073 -50.156 -104.3 325.147 591.004 -103.8 113.427 125.037 133.8 32.7743 -94.756 226.6 233.547 -47.896 272 -240.533 -411.596 42.1 143.977 -220.856 -71.2 -447.953 -608.876 -162.8 138.967 -619.636 -22 8.6627 -94.834 2733.1
0.503 66.525 508.663 -86.8 86.47 317.013 16.5 -67.727 282.453 -16.3 240.66 351.583 49.3 -315.71 117.073 -42.6 479.52 457.753 92.2 -550.7 -53.737 -108.4 331.74 586.493 -119.1 106.25 120.067 131 25.208 -99.487 224.1 226.87 -54.277 267 -245.92 -416.767 37 144.19 -232.647 -66 -440.11 -624.707 -155.5 134.19 -633.037 -20.3 13.61 -82.633 2735
0.519 65.78 510.939 -85.6 83.73 319.659 18.9 -71.026 286.819 -13 238.488 352.489 50.9 -319.512 123.767 -37.3 473.608 466.599 88.6 -551.842 -40.021 -117.3 349.968 586.129 -142.1 101.998 122.404 133.2 19.077 -96.321 226.6 221.478 -53.381 268.4 -248.482 -415.291 37.2 160.758 -230.521 -78.1 -424.662 -630.601 -144.5 128.258 -636.221 -18.3 15.462 -76.039 2735.5
0.533 54.439 512.495 -90.8 77.02 322.095 15.1 -78.149 288.245 -13.5 232.192 355.955 43.7 -322.558 128.234 -34.9 469.002 478.635 77.5 -554.478 -30.946 -123.8 359.302 580.555 -170 99.112 124.912 128.8 19.723 -94.415 223.8 222.702 -50.135 261.1 -241.428 -416.135 30.3 167.142 -233.745 -69.5 -394.278 -644.255 -140.3 134.892 -637.595 -23.1 18.528 -68.375 2740
0.545 41.472 516.986 -90.9 69.403 327.666 15.3 -85.698 290.546 -8.8 224.508 364.786 39.5 -328.702 133.915 -30.8 454.078 497.606 58.9 -551.982 -17.783 -147 374.578 573.116 -204.3 98.428 131.9 129.7 25.976 -88.144 228.3 228.918 -39.584 259.9 -232.622 -408.264 28.8 165.408 -233.584 -59.1 -351.022 -655.434 -119 135.778 -636.504 -22.4 22.192 -61.006 2742.3
0.554 29.962 519.071 -93.8 62.659 333.661 14.9 -92.245 294.021 -6.5 217.562 373.301 36.3 -337.978 140.496 -28.6 447.402 510.861 57.8 -551.938 -9.836 -165.2 404.932 560.881 -222.8 96.082 140.031 131.7 28.218 -79.519 234.5 230.792 -27.677 262.5 -228.798 -389.259 18.2 153.572 -241.809 -51.6 -306.868 -666.389 -93.8 127.762 -642.769 -22.3 26.238 -55.561 2744.3
0.566 15.44 528.222 -88.8 53.562 340.962 14.2 -101.609 300.572 -3.7 208.735 381.352 32 -351.225 150.032 -28.5 450.495 511.142 59.2 -550.535 -3.422 -179.8 434.965 532.212 -229.6 91.385 145.838 127 27.751 -75.698 228.3 230.685 -22.877 251.6 -216.985 -381.778 -6.2 144.045 -247.488 -62.1 -255.635 -677.128 -80.4 122.645 -653.978 -35 30.805 -47.552 2747.3
0.574 -3.505 523.091 -97.2 41.525 339.491 10.5 -112.772 294.841 -4 195.826 384.151 25 -361.314 156.351 -20.8 430.026 518.941 63.1 -550.574 5.751 -188.9 445.296 505.861 -221 86.116 147.731 126.5 29.777 -73.239 232.9 231.636 -14.819 251.9 -199.104 -392.209 -0.2 137.386 -248.819 -49.9 -198.214 -687.689 -46.5 120.686 -657.559 -26.8 38.624 -37.131 2751.2
0.593 -19.82 517.659 -92.8 31.872 336.159 13.2 -121.685 288.119 2.1 185.429 384.209 24.3 -370.071 161.969 -7.4 415.619 522.709 67 -542.701 12.195 -196.5 449.709 488.019 -213.6 83.539 144.769 126.8 34.782 -78.051 233.1 235.619 -15.209 247.7 -190.681 -398.061 -2.7 129.499 -261.941 -53.4 -138.874 -705.541 -20 114.649 -676.811 -34.4 44.711 -33.349 2755.1
0.607 -38.09 511.632 -92.6 18.224 330.572 12.5 -134.906 280.492 4.5 171.351 380.642 20.5 -381.369 167.032 -4.2 392.981 524.872 66 -535.619 16.1397 -207.4 449.861 462.462 -205.9 74.811 139.622 124.6 31.274 -84.058 231.5 231.521 -18.574 242 -169.889 -417.398 -6.6 113.251 -262.858 -55.2 -105.099 -785.858 12.2 102.331 -683.298 -41.7 50.679 -21.222 2757.5
0.62 -51.7673 508.616 -103.8 8.384 332.456 7.7 -143.289 278.036 0.5 160.054 386.866 14.9 -389.686 167.276 -5.9 388.984 522.216 71.7 -529.766 23.2305 -224.3 442.814 452.456 -200.6 69.994 145.446 123.7 32.408 -77.138 235 230.794 -5.966 244.3 -177.856 -359.194 -34.5 118.514 -308.514 -34.4 -77.677 -743.974 34.5 99.654 -680.814 -35.1 52.316 -15.376 2761.1
0.629 -68.76 504.09 -118.8 -3.681 334.8 0.8 -153.973 276.44 -3.3 146.617 393.15 4.9 -406.553 172.53 -11.7 370.757 525.06 74.3 -522.273 28.014 -241.1 424.387 448.77 -198.2 63.637 152.89 121.5 32.658 -67.185 239.4 229.257 9.1477 244.8 -171.713 -330.36 -43.9 125.397 -321.56 -28.1 -54.6951 -724.82 45.8 98.207 -687.83 -38.6 53.893 -11.11 2763.2
0.637 -73.543 506.548 -115.1 -6.982 337.058 2.6 -156.284 276.098 -1.8 142.316 398.018 7 -406.204 173.658 -0.3 373.446 519.928 74.6 -501.854 32.9798 -239.8 402.186 442.548 -201.1 63.726 155.308 121.8 36.822 -66.2892 238.1 232.036 13.4195 243.8 -155.564 -328.862 -45.7 132.156 -331.072 -26.5 -37.144 -733.622 40.5 99.416 -704.752 -44.2 49.384 -7.9378 2763.1
0.645 -80.967 514.044 -111.9 -12.483 344.894 4.4 -161.037 282.014 0.4 136.073 407.774 8.4 -409.557 183.784 12.2 366.263 522.424 73.2 -493.137 54.333 -236.9 366.663 446.864 -205.6 61.263 163.234 122 37.88 -59.534 237 232.133 22.688 242.2 -123.807 -374.176 -24.9 132.203 -329.876 -24.5 -20.899 -789.416 52 105.433 -705.386 -43.7 48.147 -12.424 2763.2
0.653 -90.95 517.171 -113.8 -18.348 350.421 4.1 -165.749 284.881 0.2 129.051 415.971 8.1 -417.819 193.971 20.5 354.591 535.791 71 -469.409 68.748 -240.2 333.461 444.861 -202.5 58.671 170.161 121.8 39.293 -52.971 236.9 232.071 32.753 242 -126.967 -356.949 -37.7 132.921 -323.289 -23.9 -15.038 -768.169 57.9 109.651 -697.319 -44.9 44.609 -15.281 2764.2
0.661 -102.046 519.645 -113.8 -28.794 355.295 5.2 -175.691 288.565 1.6 118.109 422.025 8.9 -424.871 198.665 29.1 346.829 538.595 64.8 -441.981 81.246 -238.7 285.689 439.645 -204.7 49.677 176.095 123.6 32.096 -46.739 239.6 224.199 40.524 244.4 -135.424 -337.465 -37.1 136.149 -315.985 -26.3 -20.044 -749.345 58.5 114.959 -696.855 -43.6 46.761 -17.335 2763.8
0.669 -116.88 527.367 -112.1 -41.1485 365.217 7.6 -187.084 296.387 4.5 104.796 434.047 10.8 -422.464 204.437 41 324.386 556.397 46.9 -411.364 107 -232.5 233.596 450.797 -198 40.125 187.467 126.3 25.961 -35.288 243 216.836 54.736 247.1 -137.683 -316.703 -37.8 147.696 -295.113 -37.4 -22.669 -730.163 54.8 130.086 -685.903 -47 49.404 -30.267 2762.9
0.677 -133.229 534.691 -98.2 -57.2873 365.581 14.4 -204.85 300.381 14.5 90.28 430.781 14.3 -429.64 207.711 52 325.33 543.101 19.6 -381.26 114.474 -220.3 169.45 434.101 -185.4 23.192 183.571 126.8 7.135 -41.102 239.3 200.21 44.203 239.2 -155.62 -318.299 -45.3 154.49 -293.089 -63.8 -33.117 -727.529 40.6 149.59 -694.989 -64.3 54.98 -28.111 2757.9
0.685 -150.937 536.901 -92.4 -74.144 366.721 17 -222.588 303.881 22 74.302 429.571 12.1 -428.188 210.841 57 312.322 532.471 -11.2 -354.068 124.347 -213.5 112.192 428.651 -180 7.143 183.421 126.9 -8.673 -40.992 239.9 185.532 41.231 233.4 -158.932 -313.609 -37.2 167.762 -257.259 -80.6 -33.178 -718.229 44.8 184.312 -680.709 -69.9 61.798 -29.531 2756.5
0.693 -163.802 547.215 -77.8 -89.141 373.225 25.7 -238.847 313.455 31.8 60.563 432.995 19.6 -431.947 221.455 43 292.313 523.255 -45.5 -318.537 141.955 -209.8 54.913 432.105 -170.2 -10.246 186.295 131 -29.233 -39.719 240.2 166.533 38.4381 232.3 -170.897 -312.075 -41.2 176.473 -233.955 -89.1 -43.523 -711.385 41.8 222.743 -668.685 -75.7 68.207 -41.295 2753.7
0.701 -176.935 553.212 -67.8 -106.006 373.222 29.2 -257.215 318.202 39.5 45.205 428.242 19 -433.865 207.902 42.8 264.815 496.212 -71.4 -290.355 136.502 -204.5 3.06 410.472 -152.9 -29.849 182.592 129.7 -52.624 -44.045 236.9 145.245 27.9505 223.5 -177.795 -308.448 -44.6 189.155 -218.058 -100.2 -53.609 -700.598 38.4 267.785 -658.418 -89 73.865 -35.282 2749.6
0.71 -198.803 577.282 -51 -128.229 394.002 38.1 -279.893 340.752 51.4 23.437 447.252 24.8 -436.043 217.032 45 212.327 482.102 -98.1 -278.103 158.972 -199.2 -65.408 407.772 -147.2 -51.974 200.442 132.7 -74.866 -27.933 236 123.427 41.694 218.6 -178.173 -291.298 -45.4 211.817 -191.408 -97.9 -56.579 -687.878 45.1 317.137 -638.588 -88.3 87.963 -56.202 2746.2
0.718 -214.473 589.675 -37.7 -143.498 403.295 43.8 -295.273 350.915 59.6 8.277 455.665 27.9 -434.593 212.305 32 150.627 452.265 -124 -259.883 171.995 -201 -137.889 400.735 -152.5 -66.566 207.135 132.2 -88.858 -23.267 231.1 109.587 45.216 210.4 -181.375 -283.405 -52.1 245.827 -237.845 -74.8 -59.578 -684.195 44.7 369.627 -631.105 -98.3 97.983 -67.375 2741.6
0.737 -228.81 601.346 -33.9 -158.322 413.116 42.3 -310.18 362.506 62.3 -6.46 463.726 22.3 -434.62 208.936 8.7 87.01 426.856 -143.3 -243.19 187.386 -209.5 -204.215 387.716 -163.5 -81.248 215.596 127.7 -103.494 -15.02 226.3 95.15 51.177 200.1 -190.276 -276.974 -51.9 275.92 -261.074 -44.8 -71.378 -664.364 45 417.84 -623.584 -106.3 108.26 -75.956 2740.6
0.752 -242.29 621.147 -31.2 -171.405 429.617 41.7 -323.22 381.287 66.7 -19.587 477.937 16.7 -414.57 206.617 -3.3 14.77 410.027 -147.2 -222.09 203.627 -219.4 -271.5 382.487 -173.8 -94.493 230.887 124.5 -116.886 0.548 223.8 81.73 63.771 191.1 -199.469 -259.243 -52.4 297.02 -259.823 -24.5 -78.02 -652.443 52.6 462.53 -619.403 -110.4 118.33 -88.617 2738.9
0.766 -250.49 620.815 -19.7 -178.606 427.865 44.1 -329.79 380.385 74 -27.418 475.345 14.2 -396.7 212.175 -13 -56.479 391.725 -159.5 -204.052 209.815 -227.6 -340.05 360.705 -183.5 -100.485 226.895 119.9 -121.236 -5.127 215.3 76.51 56.971 176.1 -201.07 -275.915 -69.1 316.62 -274.245 -9.5 -79.345 -662.515 44.9 507.63 -630.665 -121.7 123.95 -90.635 2740.8
0.776 -253.99 614.999 -26.3 -180.592 423.339 39.6 -331.29 375.669 71.9 -29.892 471.019 7.3 -376.27 210.589 -26.2 -114.16 373.879 -171.4 -181.022 209.699 -234.2 -396.52 333.139 -197.5 -100.848 223.319 116.4 -119.619 -7.872 214.3 77.41 54.457 172.1 -200.929 -274.941 -65.6 340.22 -276.281 11 -76.067 -659.741 55.9 547.65 -633.131 -115.7 125.9 -87.829 2742.6
0.788 -251.46 607.051 -20.2 -177.157 416.541 44.1 -327.82 366.341 72.3 -26.493 466.751 15.8 -345.63 208.071 -36 -159.101 358.771 -176.1 -164.138 208.111 -243.2 -439.74 298.991 -214.2 -96.395 215.821 118 -114.174 -17.729 210.5 82.91 47.941 173.5 -199.222 -292.939 -75.9 356.63 -287.319 36.4 -80.291 -669.339 44.4 579.9 -644.319 -111.1 125 -85.201 2743.7
0.806 -252.13 614.078 -18.2 -178.456 421.398 43.4 -329.13 370.768 71.1 -27.779 472.038 15.6 -322.57 212.898 -41.3 -200.807 357.248 -179.4 -146.25 209.618 -249.6 -479.4 271.868 -224.5 -97.554 219.788 114.7 -115.153 -14.932 204.3 81.85 51.272 168 -200.927 -279.502 -87.1 361.63 -285.762 43 -83.461 -659.702 42.5 591.58 -640.772 -112.7 126.76 -87.958 2744.7
0.821 -255.48 613.259 -16.9 -179.097 423.239 44.8 -328.38 368.379 71.9 -29.816 478.099 17.7 -298.88 220.869 -45.8 -232.5 359.049 -182.3 -136.127 213.479 -254.7 -502.59 248.699 -234.6 -92.977 223.179 114.3 -104.5 -12.761 201.5 90.78 59.003 166 -188.043 -280.601 -91.1 372.44 -283.501 59.5 -73.31 -659.201 47.2 606.45 -635.981 -100.4 128.98 -92.389 2745.5
0.834 -258.95 614.34 -4.5 -182.95 423.02 51.7 -331.86 365.52 75 -34.04 480.53 28.5 -288.08 229.76 -44.2 -267.44 359.45 -181 -128.938 218.62 -258.3 -529.07 229.49 -244.5 -95.306 221.62 115 -105.055 -17.4 193.4 89.73 57.821 163 -199.045 -286.15 -104.4 361.51 -297.81 75.6 -88.178 -662.95 40.8 596.13 -644.63 -100.9 136.24 -100.03 2744.6
0.842 -260.14 613.44 1.8 -183.313 422.1 54.5 -331.69 361.34 71.2 -34.94 482.86 37.9 -263.67 233.18 -46.3 -283.4 361.12 -173.3 -117.508 224.14 -263.3 -537.23 214.06 -249.5 -93.98 220.26 114 -101.745 -21.35 184.4 92.45 58.175 162.7 -201.754 -276.94 -109.5 362.66 -302.73 91.6 -97.821 -650.34 33.1 595.97 -640.54 -94.7 139.85 -104.32 2744.1
0.85 -259.85 610.23 12.6 -180.272 417.77 56.5 -328.06 354.39 67.6 -32.48 481.16 45.4 -256.45 236.68 -57.7 -288.88 360.31 -168.7 -110.439 226.4 -268.8 -539.57 203.849 -250.1 -89.262 214.73 108.6 -94.902 -29.76 168.1 98.4 53.135 153.5 -199.541 -283.2 -122.4 364.39 -312.53 88.4 -95.074 -654.9 28.4 596.81 -644.17 -101.2 141.2 -104.27 2745.6
0.858 -261.29 611.37 17.7 -179.938 418.05 57.1 -326.89 352.07 61.6 -32.98 484.03 52.6 -254.18 242.63 -67.2 -291.45 359.56 -167.8 -109.215 226.67 -275.4 -543.7 198.338 -250.7 -87.169 214.68 104.8 -90.528 -31.85 155.5 101.73 54.461 149.7 -203.663 -289.48 -130.1 365.64 -314.71 95.8 -94.43 -649.33 33.8 594.31 -639.15 -97.9 145.17 -103.93 2746.7
0.875 -262.33 618.22 20.1 -179.058 424.28 57.6 -325.27 356.7 54.5 -32.85 491.86 60.6 -253.45 250.31 -74.1 -288.11 366.33 -165.4 -104.365 233.25 -278.8 -544.12 202.183 -251.5 -85.862 220.59 103.4 -88.308 -27.3 147.3 102.98 61.117 151.3 -207.965 -281.94 -122.4 360.57 -313.51 104.1 -98.848 -639.86 34 589.59 -636.78 -96.4 145.5 -110.47 2747.4
0.891 -255.98 609.26 10.4 -172.911 417.76 55.1 -318.43 348.85 47.5 -27.39 486.67 62.7 -247.33 241.83 -78.1 -277.63 356.26 -166.2 -100.201 226.95 -287.3 -542.62 193.159 -252 -79.587 215.15 105.3 -81.372 -32.5 150.4 108.85 57.578 160.4 -204.62 -279.99 -109.5 365.93 -317.77 114.4 -93.062 -644.95 46.7 593.59 -641.75 -92 141.78 -101.9 2748.2
0.904 -255.52 614.06 17.8 -172.664 421.67 58.4 -318.41 352.99 50.5 -26.92 490.35 66.2 -249.39 241.08 -77.2 -269.53 362.29 -165.3 -104.802 234.68 -290.5 -541.71 200.573 -247.1 -79.413 218.37 105.9 -81.4 -29.81 148.3 109.08 59.954 158.6 -209.222 -290.96 -118 361.88 -317.29 105 -100.443 -640.44 33.2 591.07 -645.1 -106.9 142.11 -102.11 2749.3
0.912 -255.23 622.71 29.8 -172.775 427.49 65.1 -319.68 361.02 61.8 -25.87 493.96 68.3 -251.97 244.54 -74.6 -257.01 366.08 -161 -104.321 240.27 -286.9 -535.89 217.22 -248.6 -81.044 222.63 108.6 -85.4 -25.72 149.9 106.77 61.235 154.2 -215.275 -286.55 -121.5 357.14 -315.98 90.3 -103.885 -637.29 38.6 587.85 -645.82 -116.6 140.26 -101.54 2749.1
0.92 -251.93 625.194 34.1 -171.125 428.524 66.5 -319.11 364.314 65.2 -23.14 492.744 67.7 -246.37 247.374 -66.8 -241.88 366.124 -166.5 -110.849 242.244 -289.2 -530.22 232.294 -247.9 -81.896 222.084 107.7 -89.417 -26.336 148.2 104.08 57.635 149.8 -211.861 -288.936 -114.8 351.61 -318.876 72.8 -105.166 -639.806 37.2 589.3 -651.646 -123.9 132.49 -93.864 2750.6
0.928 -253.67 633.13 35.9 -174.188 437.44 70.7 -322.85 376.71 81 -25.52 498.16 60.4 -261.72 251.23 -62.8 -223.526 370.72 -167.2 -127.761 245.72 -288.6 -517.37 262.45 -252.1 -86.727 230.74 114.5 -96.727 -15.77 165 98.19 63.851 151.5 -208.547 -289.48 -95.3 347.02 -309.7 64.6 -98.2 -637.42 57.2 589.24 -649.73 -126.2 129.89 -91.99 2752.3
0.936 -249.67 639.366 37.6 -173.485 442.826 75.6 -321.74 389.216 103.3 -25.232 496.436 47.9 -306.21 227.576 -73.3 -206.212 369.916 -168.7 -144.621 252.766 -298.6 -504.12 291.926 -256.6 -89.902 234.716 120.2 -103.786 -8.647 182.9 91.15 61.845 146.5 -206.144 -298.034 -91.6 335.53 -310.734 44.8 -96.471 -638.994 57.1 582.52 -656.824 -139 124.43 -85.966 2752.5
0.944 -240.06 637.502 36.1 -168.653 441.502 78.3 -316.08 397.742 121.3 -21.223 485.252 35.2 -307.25 234.132 -74.2 -181.299 362.022 -166.9 -157.054 249.752 -307.9 -474.77 333.752 -265.7 -92.26 231.592 126.6 -112.5 -7.005 203 80.77 50.354 146.6 -202.174 -300.678 -75.7 326.17 -318.678 34.6 -93.837 -645.668 58.2 566.77 -669.848 -132.6 114.57 -75.782 2754.7
0.953 -231.89 646.54 46.4 -166.033 444.08 78 -313.21 403.46 127.2 -18.854 484.7 28.8 -349.16 231.69 -82.3 -159.64 361.86 -174.8 -176.184 236.91 -312.2 -445.28 363.22 -272.8 -93.266 231.65 120.3 -116.317 -7.225 194.7 75.32 45.662 130.6 -170.713 -352.33 -58.3 325.7 -310.76 -5.7 -78.366 -660.27 31.8 545.54 -667.68 -141.7 104.2 -62.35 2756.4
0.961 -225.843 647.795 36.9 -161.675 444.045 71.5 -310.043 404.355 119.5 -13.304 483.745 23.6 -348.413 237.965 -74.2 -137.157 364.535 -173.5 -207.343 239.145 -317.2 -399.753 406.495 -285.9 -90.0896 231.865 117.4 -115.235 -6.202 194.5 78.227 45.5544 131.9 -147.189 -386.085 -28.5 326.637 -317.055 7.8 -66.476 -672.815 36.6 520.097 -665.805 -112.9 96.423 -53.785 2760.3
0.969 -205.844 647.413 25.9 -145.794 442.343 61.7 -295.514 404.593 107.8 3.924 480.093 15.6 -354.594 244.423 -57 -99.97 367.213 -180.6 -233.254 240.793 -316.6 -336.434 444.993 -304.7 -77.7825 229.023 107.9 -107.54 -8.938 184.3 87.996 40.3599 124.1 -123.992 -406.737 -22.6 315.416 -329.097 -17.1 -53.811 -686.017 23 482.476 -659.957 -109.6 79.604 -39.343 2768
0.977 -190.256 642.126 19.3 -132.038 437.336 59.8 -282.756 400.916 104.1 18.676 473.746 15.5 -358.626 233.816 -41.9 -60.3118 366.696 -183.7 -280.506 251.576 -315.2 -264.136 468.986 -339.2 -65.9927 224.086 109.2 -98.43 -12.952 187.6 98.534 34.635 129.6 -100.201 -425.034 1.5 299.874 -347.004 -17.5 -38.046 -700.704 25.6 446.004 -652.144 -87.1 65.616 -23.776 2774.4
0.985 -166.637 622.769 12.3 -112.809 416.909 60.9 -265.917 383.569 98.5 40.301 450.239 23.2 -368.677 224.969 -29.5 4.49 349.769 -176.5 -318.807 253.989 -310.6 -161.867 478.329 -354.6 -52.7141 203.519 116.4 -92.811 -31.6787 196.5 107.573 11.9483 147.2 -84.403 -449.821 18.4 275.943 -339.441 -74.5 -27.253 -735.951 26.2 402.963 -657.291 -67.2 45.567 9.0707 2779.7
0.993 -142.822 596.927 8.9 -94.511 392.057 63.1 -249.452 361.507 95.2 60.432 422.617 31 -383.852 211.307 -26.3 72.238 331.167 -160.3 -359.462 254.687 -306.2 -76.049 485.437 -343.6 -40.142 177.977 121.8 -87.095 -56.078 201.4 115.548 -16.118 159.4 -61.484 -475.183 24.4 238.878 -275.873 -129.8 -7.986 -775.393 17.7 362.888 -646.793 -55.6 29.752 42.203 2782.8
1.012 -124.639 577.008 8.8 -78.658 372.098 64.2 -234.679 341.638 90.9 77.362 402.558 37.5 -395.429 208.818 -6.6 134.111 320.728 -143.1 -387.839 266.118 -285.4 19.927 501.068 -330.5 -26.5648 157.658 123.9 -76.477 -76.6928 201.1 127.531 -36.862 166.1 -43.941 -498.662 30.1 212.471 -228.302 -163.1 9.874 -800.232 6.7 328.481 -625.762 -48 18.869 66.932 2785.3
1.027 -111.536 553.603 6.3 -69.092 349.233 63.1 -225.936 320.333 87.1 87.751 378.123 39.1 -406.046 207.993 3.8 181.724 311.453 -131.4 -415.246 285.353 -265.2 105.644 513.053 -315 -20.2568 134.133 123.3 -73.939 -99.8499 199.2 131.094 -62.077 167.8 -41.377 -524.487 33.7 176.804 -203.817 -186.6 11.709 -832.767 0.8 284.804 -608.057 -41 11.266 90.377 2789
1.04 -96.147 541.83 1.6 -59.112 337.14 61.2 -216.999 311.58 81.9 98.771 362.7 40.5 -414.369 213.87 12.1 227.511 303.08 -119.6 -440.459 317.44 -245 173.321 521.09 -292.7 -16.024 121.42 123.4 -76.185 -111.014 199.1 130.311 -77.579 172 -37.442 -536.66 37 143.471 -169.217 -202.8 12.547 -846.87 -3.1 249.471 -574.33 -34 4.969 107.31 2790.8
1.056 -81.0033 527.11 -12.2 -53.7103 324.42 56.6 -212.868 306.06 73.9 105.452 342.78 39.3 -422.178 219.45 22.3 252.752 296.94 -103.7 -451.598 347.42 -228.5 212.122 533.18 -260.6 -21.2853 109.76 127.1 -93.0293 -116.914 208.9 115.312 -92.877 186.3 -46.3753 -541.56 46 105.822 -148.764 -203.5 6.2029 -859.86 7.5 209.822 -546.82 -21.1 3.4583 122.18 2794.7
1.07 -67.6121 518.27 -10.6 -45.0341 313.52 55.7 -204.833 298 70.6 114.767 329.04 40.8 -421.243 223.77 26.9 283.217 293.55 -88.1 -446.093 388.75 -202.3 240.267 543.25 -218.6 -17.6441 97.29 124.1 -94.6932 -129.075 202.2 114.187 -108.786 182.6 -23.4051 -546.12 30.7 99.9268 -134.179 -231.4 19.8349 -878.62 -15.1 202.427 -529.71 -39.2 0.39315 138.52 2797.1
1.083 -63.1489 520.97 -11.4 -43.4699 316.17 52.6 -203.691 303.09 66 116.749 329.24 39.3 -424.341 243.86 28.1 301.389 303.26 -69.4 -433.321 436.95 -179.1 247.129 562.73 -183.3 -20.1969 98.69 118.8 -101.657 -127.339 193.7 107.809 -110.242 176.3 -23.6949 -547.98 33.7 82.3771 -114.515 -240.9 16.2171 -882.42 -19.8 182.629 -511.78 -43.9 1.9209 141.78 2800.9
1.094 -57.1609 525.2 -14 -39.1929 319.67 50 -199.584 308.19 63.5 121.196 331.15 36.6 -422.644 254.43 47.5 314.226 309.13 -64.2 -403.264 469.63 -141.2 239.136 577.44 -134.2 -18.1759 101.35 114.5 -102.014 -124.466 187.7 107.696 -109.458 170.2 -0.36968 -542.88 36.4 74.5181 -107.258 -250.7 20.5161 -887.23 -22.6 171.146 -506.89 -51.7 0.93387 149.89 2804
1.108 -56.9033 531.62 -14.1 -41.8113 325.31 48.7 -202.366 317.76 62.6 118.754 332.86 34.8 -426.976 272.13 63.8 328.464 321.97 -53 -368.976 496.6 -107.3 217.444 586.41 -103.9 -26.1943 105.57 109.6 -115.586 -119.106 179.6 94.4297 -109.233 161.4 -0.253 -537.57 37.9 55.5687 -116.801 -269.1 5.8967 -896.19 -30.9 151.884 -519.62 -62.6 5.0963 150.04 2806.9
1.123 -48.6639 546.73 -6.8 -38.4809 337.19 50.5 -199.277 332.12 62.9 122.313 342.27 38.1 -426.517 286.65 77.8 345.203 339.12 -26.5 -339.097 503.9 -90 197.423 586.42 -81.3 -27.3029 115.51 104.7 -121.267 -109.502 167 89.0191 -102.865 150.8 -2.4251 -529.48 31.7 60.4221 -118.748 -274.2 8.9151 -890.77 -42.5 149.583 -532.16 -73 5.0969 157.41 2810.5
1.136 -46.1134 556.83 -2.9 -38.1824 347.12 53.1 -199.051 343.48 65.4 122.689 350.77 40.8 -427.771 310.78 90.1 352.099 362.01 -8 -322.681 513.88 -74.2 179.369 585.01 -85.4 -29.3614 124.13 102.3 -125.721 -101.243 159.6 84.6426 -96.476 143.5 12.3086 -518.2 34.5 67.9596 -152.541 -271 10.2876 -899.83 -40.9 147.539 -568.25 -77.4 8.5514 156.75 2813
1.152 -48.189 579.79 8.4 -40.226 367.97 58.9 -201.225 364.14 69.5 120.775 371.8 48.4 -433.175 353.04 113.2 355.255 397.23 0.6 -312.075 527.08 -71.7 168.735 596.63 -98.3 -32.211 143.32 99.7 -129.475 -83.831 147.4 81.085 -78.818 133.6 18.392 -498.9 26.5 72.599 -173.852 -268 6.632 -891.68 -48.2 145.385 -596.2 -85.2 13.115 146.19 2814.4
1.165 -52.509 604.34 34.8 -43.601 390.12 70.3 -204.695 385.32 78.8 117.495 394.92 61.8 -435.675 398.6 120.9 360.035 424.31 12.6 -309.775 544.94 -82.7 160.535 605.6 -97 -35.396 163.74 97.9 -132.535 -65.771 131.1 78.159 -59.492 120 15.464 -484.08 21.7 75.267 -199.222 -267.6 0.743 -881.82 -54.7 141.665 -629.9 -93.2 18.235 140.96 2816.9
1.183 -51.536 623.44 46.8 -44.721 408 75.9 -205.879 403.34 83.5 116.431 412.66 68.3 -435.829 432.52 132.1 367.531 439.41 33.4 -316.539 562.59 -84.4 169.011 613.39 -93.6 -37.219 180.66 95.5 -135.099 -49.739 120.1 75.662 -43.646 110.2 16.301 -471 28.9 77.835 -241.76 -259 -4.924 -879.32 -53.4 136.531 -672.59 -98.3 22.129 136.74 2818.3
1.199 -49.967 633.07 42.4 -45.585 418.01 75.1 -206.849 414.13 79.9 115.681 421.89 70.3 -437.039 464.37 134.3 367.641 460.82 44.5 -331.589 580.63 -97 177.571 630.51 -98.4 -39.553 190.35 93.9 -138.989 -39.845 115.8 71.953 -34.77 109.6 14.114 -462.99 36.2 76.411 -287.18 -240 -11.602 -880.05 -50.8 131.761 -710.1 -94.2 26.699 136.76 2820.9
1.211 -43.281 649.32 59.8 -41.857 432.73 80.9 -203.153 430.67 86.3 119.437 434.8 75.5 -441.313 485.33 137.4 369.527 474.54 46 -338.043 599.81 -105.9 195.437 651.57 -110.5 -38.598 204.55 91.2 -140.813 -24.98 105 70.133 -22.28 98 18.066 -447.5 33 75.117 -316.92 -235.1 -14.828 -876.5 -59.4 129.787 -736.88 -111.6 28.623 139.24 2823.2
1.219 -40.206 661.5 66.9 -39.7458 445.76 82.4 -201.057 444.6 87.6 121.573 446.92 77.1 -435.017 507.19 144.9 373.403 494.29 46.2 -341.167 622.42 -107.5 204.423 688.48 -99.1 -37.9556 217.31 86.7 -141.647 -11.9 94.5 69.319 -10.38 87.6 20.459 -435.63 40.2 87.063 -360.84 -182.9 -16.591 -880.45 -64 130.723 -769.64 -112.1 30.177 137.6 2825.4
1.227 -35.621 663.45 79.8 -39.3569 446.58 84 -200.635 448.39 89.5 121.925 444.76 78.5 -429.355 513.26 136 375.855 496.3 39.3 -332.655 645.13 -103.2 207.005 702.44 -88.4 -42.0414 218.19 80.5 -150.205 -9.01 80.6 60.757 -11.38 73.4 10.947 -434.52 37.6 85.665 -401.48 -138.6 -26.296 -890.36 -69.4 118.835 -811.76 -119.8 33.425 144.64 2828.6
1.235 -31.527 668.09 85.8 -37.7282 450.56 83.2 -198.979 453.83 89.2 123.521 447.28 77.2 -430.189 512.46 124.1 377.911 504.96 32.8 -324.019 674.69 -86.1 210.631 724.67 -68.1 -42.71 222.3 74 -153.139 -3.8 68.7 57.752 -8.09 60.9 16.561 -427.11 41.2 88.941 -422.41 -107.4 -26.1422 -895.75 -72.1 120.881 -837.43 -117.2 35.219 149 2831.7
1.242 -28.5727 657.64 86 -35.7931 440.84 80 -197.032 445.47 85.6 125.448 436.22 74.5 -427.202 504.19 114.9 374.858 515.45 24.2 -308.732 695.61 -68 202.688 744.3 -27.9 -42.8116 212.82 66.2 -155.272 -12.18 56.1 55.61 -18.23 48.8 18.111 -434.67 37.6 81.618 -451.58 -67.6 -29.2271 -914.03 -77.7 116.288 -864.69 -116.3 38.222 154.03 2834.5
1.251 -23.84 657.26 88.1 -30.8582 440.92 78.2 -192.13 444.59 83.7 130.42 437.25 72.7 -426.08 502.87 107.8 375.45 518 20.5 -287.46 715.41 -39.6 195.42 746.74 -0.9 -36.6729 213.16 59.8 -147.95 -12.2 44.9 62.97 -17 37.7 21.584 -436.6 31.8 81.3 -462.18 -28.9 -21.845 -909.88 -79.8 121.46 -865.07 -117.8 40.09 149.74 2835.4
1.258 -19.686 654.17 76.6 -28.111 436.84 72.3 -189.331 441.35 78.7 133.109 432.32 65.9 -427.321 493.97 108.6 372.949 516.54 19.4 -259.581 714.72 -0.9 187.949 740.21 43 -35.1335 208.88 56.2 -147.581 -16.13 44.3 63.279 -22.03 35.9 13.841 -443.79 40.8 59.999 -472.99 5.4 -30.696 -907.58 -71.1 112.369 -879.41 -110.3 44.331 152.83 2836.5
1.266 -16.238 663.09 84.1 -26.541 446.76 74.8 -187.705 452.79 81.4 134.615 440.72 68.2 -423.185 492.75 104.8 376.445 513.53 23.3 -229.665 711.85 31.2 180.365 729.73 70 -35.93 219.33 53.6 -150.715 -4.14 36.6 60.075 -12.04 28 10.907 -431.9 33.8 50.549 -466.08 10 -37.95 -896.3 -78.7 104.545 -873.15 -117.5 48.195 141.65 2834.7
1.274 -13.364 662.41 88.2 -24.622 446.17 74.7 -185.718 452.83 82.2 136.482 439.51 67.2 -419.368 484.66 101.8 377.452 509.03 25.5 -212.678 707.04 55.3 175.482 720.25 89.1 -35.162 219.13 49.9 -151.051 -3.56 30.1 59.652 -12.27 20.3 12.22 -430.7 34.5 53.912 -467.42 27.8 -40.283 -894.3 -77.5 103.422 -873.05 -115.9 51.858 140.55 2834
1.282 -6.635 663.85 92.2 -20.799 447.04 75.3 -181.823 455.55 82.4 140.227 438.52 68.2 -425.173 476.04 105.7 394.807 493.68 26.5 -205.103 689.49 73.1 185.837 701.57 88.8 -34.009 220.48 47.5 -152.526 -0.51 24.4 58.087 -11.65 15.1 10.025 -427.76 36.9 58.677 -466.62 43.1 -45.6961 -892.11 -76.8 96.607 -873.01 -113.5 55.423 138.06 2833.7
1.29 -4.023 665.78 92 -19.062 448.11 75.5 -180.043 458.05 81.7 141.917 438.18 69.4 -417.633 468.54 106.5 398.357 472.35 33.9 -201.503 687.19 71.6 193.977 681.41 95.1 -34.101 221.65 47.6 -154.416 1.68 23.7 56.137 -11.31 15.7 8.31 -425.47 39.1 60.377 -464.21 68.3 -50.0083 -890.67 -70.9 92.637 -872.76 -108.7 58.763 143.02 2834.7
1.298 -1.635 663.95 93 -17.278 446.9 76.4 -178.258 457.53 81.4 143.702 436.28 71.4 -415.168 464.18 105.5 397.332 474.08 40.2 -206.008 687.62 62.4 197.452 689.02 93.1 -33.111 220.57 47.7 -154.214 1.18 22.4 56.322 -12.72 15.8 10.551 -425.32 34.5 60.542 -462.83 89.8 -50.414 -899.42 -72.9 90.922 -883.45 -110.4 61.738 146.1 2836.1
1.307 -2.31 662.93 92.3 -17.075 446.77 77.4 -178.043 457.69 82.3 143.897 435.85 72.4 -415.923 467 112.8 396.327 480.93 44.6 -213.163 691.84 58.1 198.307 698.09 94.6 -33.293 220.38 49.3 -154.774 1.13 24.4 55.747 -13.15 17.9 19.845 -420.56 49.4 57.167 -461.03 106.5 -55.2279 -901.1 -71.5 87.927 -889.55 -113.9 65.223 143.65 2835.5
1.315 -1.255 660.56 101.9 -17.401 443.83 81.9 -178.304 454.5 88.9 143.506 433.15 75 -416.304 472.67 106.8 394.816 489.11 51.8 -220.614 700.32 45 198.176 710.41 80.8 -33.711 217.75 51.5 -155.248 -1.35 25.6 55.206 -15.31 16.5 23.429 -421.2 54.8 55.616 -461.71 113.9 -58.674 -904.59 -73.5 82.336 -890.82 -119.9 69.444 151.17 2836.3
1.328 1.323 661.76 106 -15.511 444.66 84.5 -176.348 456.02 92 145.322 433.29 77 -418.518 475.3 105.7 399.042 504.01 53.6 -238.628 705.38 25.3 209.742 733 75.5 -32.936 218.74 53.4 -155.534 0.26 27.3 54.812 -14.6 17.4 21.772 -420.57 51.5 44.032 -455.81 134.5 -62.7111 -910.29 -75.7 77.232 -898.48 -120.3 71.598 153.12 2837.4
1.345 -1.677 662.46 97.7 -18.921 444.28 84.4 -179.802 456.16 89.7 141.958 432.41 79.2 -422.202 490.54 103.2 396.078 514.84 56.7 -262.322 722.1 5.2 217.098 748.62 39.6 -36.481 217.78 58.6 -159.254 -0.96 36.2 51.168 -16.49 29.3 20.989 -420.9 53.2 38.588 -454.95 157.1 -67.8093 -914.7 -69.1 74.778 -906.52 -113 77.202 150.2 2836.3
1.356 2.007 660.48 93.3 -16.174 441.74 85.2 -177.042 454.38 88.4 144.69 429.09 82 -423.35 493.7 97.3 401.79 507.8 58.5 -281.01 726.59 -14 239.85 748.35 9.6 -34.431 214.81 64.1 -158.375 -3.8 45 53 -20.42 40.9 20.387 -424.2 40.4 5.72 -461.68 151.8 -69.039 -916.2 -69.7 69.51 -840.77 -61.9 78.82 152.7 2836
1.364 3.17 657.61 90.3 -13.985 440.23 84.9 -174.879 452.9 87 146.909 427.57 82.8 -424.781 502.12 98.5 408.789 508.67 72.1 -306.381 727.65 -41.2 266.949 745.01 -22.3 -32.117 213.14 65.1 -156.848 -5.56 46.7 56.349 -22.34 43.9 24.469 -425.19 45.3 -7.656 -467.25 128.9 -57.102 -915.99 -82.9 82.149 -850.88 -66.6 80.511 149.08 2836.6
1.372 7.136 658.1 103.9 -9.561 441.6 92.9 -170.514 453.14 96.4 151.392 430.05 89.4 -420.838 513.76 104.8 412.442 514.01 83.6 -332.738 725.52 -66.7 292.682 738.17 -54.9 -26.342 214.81 69 -151.688 -4.18 47.5 65.442 -19.75 42.8 35.402 -483.5 86 -1.867 -468.16 103.2 -45.89 -911.87 -93.2 106.262 -857.43 -70.7 81.188 141.85 2834.3
1.382 3.394 662.08 110.9 -12.433 444.91 97.4 -173.392 455.97 102.1 148.528 433.86 92.7 -423.292 521.71 122 408.348 510.33 92.4 -356.402 708.9 -85.1 307.548 719.07 -77 -28.734 218.15 72.7 -151.929 -1.27 51.2 61.858 -15.96 44.9 -3.405 -433.9 46.4 48.988 -461.93 64.1 -92.5761 -838.22 -102 62.798 -907.53 -113.5 86.962 137.6 2834
1.402 3.175 669.99 101.6 -13.091 451.81 97.8 -174.012 463.07 103.4 147.829 440.56 92.2 -414.861 533.32 143.4 409.969 509.16 103.1 -366.841 684.65 -93.7 321.249 706.85 -85.6 -29.589 224.48 80.6 -152.135 4.56 67.1 59.959 -10.27 59.7 -72.252 -435.81 2.4 54.199 -461.84 15.8 -29.171 -837.49 -82 61.749 -904.44 -124.4 90.711 131.82 2833.1
1.417 4.587 673.5 99 -11.105 457.03 100.5 -171.995 468.41 106.8 149.78 445.66 94.1 -411.17 540.29 161.6 417.24 512.73 116.4 -355.81 667.86 -86.5 329.6 692.41 -90.4 -27.696 229.39 87.8 -149.908 9.21 79.2 61.33 -5.72 70.9 -80.153 -397.71 -81.8 64.66 -459.55 32.5 -42.85 -811.25 -70.4 47.44 -891.53 -115 92.11 122.27 2831.2
1.429 8.737 679.85 97.6 -8.356 462.23 103.2 -169.173 474.43 109.9 152.457 450.04 96.6 -405.823 541.1 174.1 418.887 512.82 130.5 -322.363 649.18 -69.4 317.127 668.17 -86.4 -25.946 234.44 95.6 -148.908 14.63 92.3 61.837 -1.35 83.6 -107.454 -381.62 -145 79.097 -454.68 36.1 -69.803 -791.89 -85.8 33.767 -873.02 -103.6 93.793 118.18 2829.8
1.44 12.54 679.26 103.2 -6.038 461.58 109.7 -166.76 474.89 116.5 154.68 448.27 102.9 -405.17 525.41 185.1 416.68 511.27 129.3 -283.45 628.02 -46.8 290.61 652.47 -82.3 -25.108 233.79 104.8 -149.386 14.72 104.4 61.03 -2.71 95.5 -115.914 -353.66 -166.5 80.39 -453.28 26.3 -89.6236 -794.12 -114.6 32.09 -863.1 -94.4 96.16 119.23 2825.8
1.448 13.601 667.92 91.1 -4.216 452.19 108.6 -164.88 465.98 115.9 156.451 438.39 101.4 -402.619 514.62 192.8 420.801 497.57 131.4 -253.459 618.12 -26.6 259.031 629.8 -54.1 -23.587 224.54 112.6 -148.075 5.91 121.2 62.161 -12.14 111.8 -134.175 -343.81 -203.8 81.461 -461 29.9 -99.5298 -799.04 -132.8 35.311 -862.94 -78.8 98.129 122.19 2824.7
1.457 12.08 646.74 87.7 -4.994 432.44 111.1 -165.63 446.46 118.5 155.64 418.42 103.6 -405.3 501.03 194.7 425.41 476.51 125 -236.56 623.81 -0.9 245.42 633.56 -23.6 -24.417 204.92 120.5 -148.913 -13.44 134.7 61.23 -31.781 125 -155.14 -327.44 -239.1 73.74 -474.94 17.2 -106.318 -788.55 -159.7 35.1 -870.46 -82.1 101.06 126.37 2821
1.466 13.81 629.49 86.2 -3.185 413.79 112 -163.799 427.78 120 157.43 399.8 104 -406.29 475.99 187 428.57 450.23 119.1 -227.55 624.87 18.1 243.06 626.75 -9 -22.316 186.4 125.6 -146.494 -31.84 144.4 63.6 -50.14 133.9 -164.731 -301.22 -266.8 69.67 -486.11 0.4 -104.32 -759.28 -178.6 37.88 -871.04 -82.4 101.67 142.21 2819.9
1.474 13.48 615.27 88 -3.81 400.82 113.6 -164.402 414.78 122.2 156.77 386.87 105.1 -404.73 463.54 178.1 428.7 435.68 108.7 -240.21 639.25 13.4 241.95 626.4 -4.4 -22.65 173.61 130.6 -146.51 -44.48 153.3 63.54 -62.73 142.1 -177.738 -281.58 -291.7 60.39 -488.29 -20.5 -103.532 -732.6 -188.6 37.05 -879.95 -80.9 104.43 153.05 2818.3
1.493 9.65 596.42 88.8 -7.517 382.06 115.4 -168.125 395.93 123.7 153.09 368.18 107 -409.6 463.7 169.6 428.61 430.26 100.4 -273.95 662.16 7.2 255.3 634.82 -19.3 -26.174 154.91 134 -149.863 -63.161 158 60.2 -81.306 147.1 -185.815 -271.1 -303.4 51.32 -502.76 -27.5 -102.213 -713.11 -197.3 33.62 -894.2 -81.3 106.95 158.1 2815.6
1.507 13.47 576.42 78.3 -3.24 361.89 112.4 -163.88 375.89 119.9 157.39 347.88 105 -404.43 459.47 161.4 429.67 413.73 90.3 -322.25 682.27 -2 293.45 638.75 -38 -21.843 135.37 137.1 -145.495 -81.993 166.6 64.61 -100.308 156.8 -179.095 -247.614 -302.9 46.15 -517.66 -27.6 -96.7934 -679.62 -201.4 40.15 -899.39 -75.9 103.59 171.44 2813.7
1.518 14.71 557.44 65.5 -0.49 345.8 111.1 -161.164 359.68 117.9 160.19 331.91 104.3 -414.08 460.24 145.2 433.47 406.34 76.7 -386.92 697.94 -13.1 344.42 648.92 -55.2 -18.546 120.47 144.5 -141.682 -95.773 182.3 68.47 -113.931 173.4 -173.519 -226.054 -299.5 44.7 -526.16 -22.1 -91.868 -662.06 -199.7 44.14 -907.21 -72.1 102.14 171.23 2809.8
1.526 31.147 550.07 79 16.557 337.78 113.1 -144.241 349.89 120.3 177.347 325.67 105.9 -408.003 462.8 124.7 455.267 400.84 64.8 -440.283 702.38 -31.7 411.247 651.35 -78.4 0.632 111.29 138.4 -120.445 -107.277 168.4 89.867 -123.115 158.9 -154.253 -201.143 -331.9 67.147 -526.89 -53.4 -73.428 -638.64 -229 63.707 -905 -98.8 86.533 164.94 2811.4
1.533 134.411 702.138 133.8 120.727 488.648 134.5 -39.761 499.978 129.6 281.211 477.328 139.4 -302.199 619.928 162.9 567.241 450.928 56 -376.379 856.108 8.7 581.081 675.808 -140.7 104.923 262.628 129.9 -16.239 44.039 122 194.481 29.175 128.5 -43.826 -11.007 -294.4 174.211 -370.852 -12.5 36.0868 -451.262 -194.5 173.151 -724.542 -62.9 -31.471 -10.928 2756.7
1.541 120.552 715.011 152.6 111.938 503.281 124.5 -46.859 514.131 104.3 270.734 492.441 144.8 -302.616 644.541 166.7 530.444 381.971 45.8 -425.286 853.091 6.6 593.004 561.081 -185.4 100.808 279.961 92.3 -14.69 63.77 46.6 194.044 49.5165 73.3 -35.833 27.028 -291.2 178.714 -378.779 0.1 42.6233 -413.599 -192.2 178.354 -689.259 -60.2 -36.934 -53.571 2745.7
1.549 66.144 653.319 241 70.63 448.789 182.1 -87.983 453.939 156.6 229.247 443.629 207.5 -324.833 619.109 149.5 452.677 271.329 108.3 -487.813 782.369 -19.8 552.787 397.939 -143.5 73.81 233.329 118.7 -26.569 21.23 38.7 180.547 14.503 71.9 -14.255 -198.511 -212.4 156.017 -411.631 50 27.4246 -436.141 -161.2 160.307 -692.331 -32.7 -18.017 -55.479 2758.6
1.557 26.963 571.298 194.3 34.673 361.938 146.7 -125.178 360.098 133.6 194.532 363.788 159.7 -361.028 511.448 108.3 380.822 148.408 68.3 -553.238 622.608 -66.9 507.842 221.028 -192.6 41.372 141.568 95.8 -55.117 -79.986 36.6 151.262 -77.608 53.5 -21.9699 -400.012 -177.1 117.282 -518.232 34.8 -6.857 -539.662 -167.7 127.292 -763.342 -57.2 21.768 14.562 2795.5
1.565 -10.077 565.04 133.6 -21.718 307.8 127.8 -181.938 299.28 123.9 138.497 316.31 131.8 -423.283 380.62 94 371.027 169.87 23.5 -630.493 420.79 -85.3 427.667 338.11 -170.2 -9.006 83.85 95.4 -100.432 -145.636 60.3 107.847 -134.565 65.5 -97.8854 -463.2 -242.8 46.547 -605.63 30.6 -79.3592 -674.23 -192.7 63.767 -831.95 -73.2 89.323 107.6 2812
1.579 3.102 616.29 112.1 -8.484 378.28 122.1 -168.885 377.24 122.2 151.912 379.33 122 -422.618 344.3 94.3 348.482 180.9 15.1 -629.048 323.46 -84.2 450.512 319.69 -229.5 -7.017 152.19 113.3 -110.907 -74.581 104.6 99.802 -73.209 104.5 -93.6741 -460.17 -170.1 -30.17 -526.41 63.3 -106.375 -675.86 -177.7 44.632 -815.12 -71.4 97.668 97.7 2813.3
1.587 10.217 651.917 106.3 -0.998 422.697 115.2 -161.305 425.417 116.5 159.307 419.967 113.9 -408.023 311.077 88.2 319.827 187.047 16.8 -605.203 213.317 -77.6 448.757 271.087 -239.7 -4.871 196.037 112.6 -114.144 -28.818 110.8 96.657 -32.401 109.1 -97.6876 -399.003 -170.7 9.847 -482.443 44.8 -117.462 -716.863 -194.6 44.537 -819.273 -101.3 99.063 88.743 2819.2
1.595 14.56 680.791 100.1 0.62 454.191 106.5 -159.48 461.151 109.9 160.72 447.231 103.1 -390.2 280.241 87.7 290.16 191.211 18.5 -560.78 120.411 -62.1 436.66 222.161 -240.4 -9.268 227.471 105.1 -124.516 5.33 105.9 86.2 -3.833 101.5 -120.74 -349.969 -187.5 34.17 -451.569 18 -133.686 -742.929 -185.3 27.17 -809.709 -109.7 102.69 74.449 2825.5
1.603 17.98 713.885 94.4 2.39 485.565 99.9 -157.634 493.855 104.5 162.41 477.285 95.4 -366.75 248.825 81.9 266.06 206.065 23.6 -509.96 42.715 -44.1 422.41 187.815 -230.7 -9.379 258.785 98.8 -126.456 37.441 100.8 84.16 26.541 94.8 -126.276 -297.345 -208 55.95 -421.245 6.5 -133.249 -746.325 -166.3 26.2 -779.155 -103.2 103.5 60.765 2830.7
1.611 14.99 737.805 90.6 0.61 511.465 96 -159.935 520.895 96.9 161.15 502.035 95 -341.65 226.435 84.1 305.02 257.735 48.2 -443.91 -25.596 -6.4 311.65 248.765 16.7 -12.772 283.975 93.3 -131.491 62.685 91.3 79.19 50.308 90.1 -117.733 -302.505 -177.1 64.65 -400.065 14 -138.284 -748.795 -152.5 19.01 -764.815 -97.9 106.53 49.335 2836.7
1.619 13.56 745.425 84.2 0.79 523.255 89.4 -159.996 532.625 86.8 161.58 513.885 92 -300.83 239.825 84.5 324.02 252.265 45.4 -380.18 -37.1968 22.2 348.01 161.175 -93.9 -12.437 295.355 86.3 -130.986 73.595 81.4 79.66 61.315 84.8 -100.677 -318.315 -142 73.17 -388.385 3.2 -132.937 -763.065 -141.2 18.69 -764.725 -99.6 106.36 42.635 2842.2
1.627 14.35 761.853 92.8 4.04 541.823 87.7 -157.002 549.683 85.7 165.07 533.963 89.7 -273.25 251.373 87.2 327.18 246.043 44.2 -317.1 -41.117 43.4 355.16 72.162 -123.7 -6.926 314.113 75.3 -123.266 91.543 61.6 87.49 81.253 64.2 -67.132 -321.077 -110.8 67.74 -368.857 -12.7 -117.099 -756.007 -130.3 32.34 -747.387 -120.2 104.12 27.587 2845.2
1.635 10.1 767.67 99.3 3.57 548.74 87 -157.629 554.29 84.4 164.76 543.18 89.7 -247.15 258.05 92.4 305.8 256.99 54 -277.2 -41.925 56.6 329.07 25.932 -103.1 -3.989 321.11 69.5 -116.999 97.11 50.2 93.91 89.84 53.6 -46.906 -333.13 -56.1 61.84 -362.82 11.1 -112.542 -756.18 -109.7 39.23 -742.86 -116.4 103.91 22.92 2846.5
1.643 8.95 767.842 90.4 4.98 548.652 80.9 -156.321 552.462 79.4 166.28 544.842 82.5 -226.39 253.612 92.7 293.09 248.412 61.4 -250.55 -48.252 47.7 309.19 -16.436 -77.2 -0.24 320.752 64.4 -110.964 95.342 46.8 100.04 90.352 48.9 -35.297 -344.678 -15.4 50.65 -362.248 27.8 -111.735 -767.268 -94.5 42.18 -752.828 -114.6 101.31 27.368 2847.8
1.65 8.076 768.553 98.6 7.096 550.243 83.5 -154.253 551.943 81.5 168.446 548.543 85.6 -213.374 255.223 95.3 243.216 248.853 105.9 -222.424 -43.343 27.1 238.456 -53.92 44.2 4.976 322.723 61.8 -102.68 96.313 38.8 108.366 94.083 41.5 -31.361 -349.937 9.5 56.436 -359.297 29.3 -107.954 -773.187 -95 48.506 -755.847 -121.9 97.434 26.887 2846.3
1.665 8.886 772.871 100.7 8.616 554.451 83.5 -152.771 555.111 82 169.996 553.791 84.9 -205.624 258.901 96.7 231.486 250.141 101 -193.733 -30.9658 0.5 231.726 -57.101 37 7.896 327.111 59.3 -98.3538 100.201 34.2 112.716 99.341 36.1 -31.617 -348.379 42.3 54.346 -353.759 31.8 -106.576 -770.399 -87 49.146 -755.739 -120 93.944 21.529 2846
1.68 8.594 774.394 103.8 7.907 556.444 84.7 -153.487 557.614 83.1 169.303 555.274 86.4 -199.257 250.164 89.3 227.073 246.564 100 -175.2 -34.826 -21.6 221.273 -62.234 32.2 6.53 329.254 58.9 -100.387 102.824 31.9 110.693 101.294 34.1 -33.629 -347.296 50 49.243 -351.676 34 -108.698 -770.606 -83.4 46.153 -753.616 -116.2 91.137 22.706 2845.3
1.691 10.233 777.468 114.9 8.653 558.908 89.1 -152.737 560.818 87.2 170.049 557.008 91 -204.471 242.268 95.6 224.379 240.498 96.4 -167.964 -36.8059 -27.9 214.429 -68.434 24.3 6.325 332.298 58.8 -101.543 106.918 27.3 109.539 104.428 29.7 -32.209 -343.382 53.3 49.939 -348.912 33.6 -104.655 -770.962 -83.4 50.759 -756.102 -117.8 89.741 29.122 2845.5
1.709 9.973 780.263 97.7 7.469 560.913 82.5 -153.926 563.223 81.4 168.86 558.613 83.6 -208.43 254.103 103.4 222.68 249.363 92.9 -168.272 -22.1212 -27.1 210.68 -60.593 22.6 4.368 333.483 60.2 -104.278 107.563 37.3 106.81 104.543 38.7 -28.58 -339.697 86.2 48.56 -348.637 54.6 -104.662 -778.657 -70.3 50.55 -765.267 -105.6 89.13 26.707 2845.8
1.725 6.858 781.558 103.6 4.144 563.218 84.5 -157.25 565.698 83.3 165.537 560.738 85.7 -209.303 261.908 101.2 222.337 255.338 91.2 -165.099 -14.4564 -28.8 209.477 -56.31 27.7 0.834 335.928 60.1 -108.019 110.258 34.9 103.067 107.018 36.5 -25.285 -337.182 73.7 50.957 -346.882 33.7 -106.483 -778.602 -86 51.617 -761.862 -117 88.003 19.182 2843.9
1.737 4.251 777.031 92.3 2.02 557.281 79.8 -159.371 559.771 80.3 163.409 554.791 79.3 -210.391 243.821 101 222.739 244.051 86.7 -164.464 -31.9575 -30.3 209.929 -68.866 28.9 -1.551 329.511 60.5 -110.669 103.371 41.5 100.429 100.121 40.8 -32.391 -345.539 76.3 48.949 -354.119 41.4 -104.96 -781.369 -76.8 54.099 -760.889 -106.6 87.041 26.929 2843.7
1.749 7.49 772.68 86.9 -0.337 552.66 75.9 -161.583 558.79 77.5 160.909 546.52 74.2 -215.241 244.41 102.7 221.959 244 82.9 -168.967 -32.894 -25.4 210.939 -69.293 26.1 -9.189 324.96 57.6 -123.513 101.27 40.4 87.429 93.25 38.2 -50.644 -349.36 53.3 43.809 -361.87 41.7 -112.571 -782.19 -80.5 44.819 -766.19 -110.3 87.081 28.74 2844.4
