0 6.615 767.584 84.4 -1.776 547.734 76.4 -163.033 554.324 78.5 159.477 541.134 74.3 -228.123 246.504 85 231.637 231.074 72.8 -207.243 -48.018 0.6 228.657 -81.143 9.1 -11.297 319.754 61 -126.27 96.094 46.9 84.637 87.474 44.2 -32.183 -351.206 40.6 52.727 -367.946 69.7 -99.976 -781.126 -73.3 54.847 -771.836 -106.2 87.613 33.686 2841.4
0.013 7.372 766.469 87.7 -1.878 546.579 80 -163.12 553.729 80.1 159.369 539.429 79.9 -235.731 227.159 85.2 237.939 224.689 64.8 -249.701 -71.162 25.1 252.659 -83.186 -12.8 -11.993 318.589 65.1 -127.556 95.269 50.2 83.339 85.919 50.1 -33.157 -351.721 33.2 49.109 -369.531 73.5 -103.189 -784.461 -73.9 52.209 -769.761 -102 87.971 38.441 2837.5
0.025 10.478 754.574 81.6 0.223 535.704 80.8 -160.992 543.454 79.6 161.442 527.954 82 -249.548 207.984 86 248.782 201.714 49.8 -293.938 -94.871 38.8 301.082 -94.292 -51.2 -10.68 307.504 72.1 -127.007 84.374 62.7 83.842 74.244 64.3 -33.826 -362.316 34.7 46.952 -380.796 91.8 -102.07 -796.806 -61.9 51.592 -786.386 -91.6 89.148 47.836 2832.8
0.035 17.366 747.236 81.7 4.988 527.646 84.7 -156.131 537.126 85 166.106 518.166 84.4 -263.714 207.386 86.6 268.946 194.766 28 -340.674 -90.886 27.9 356.506 -84.292 -100.2 -8.441 299.466 79.5 -127.239 77.486 74.4 83.496 65.096 74.1 -40.851 -368.054 23.6 37.836 -389.444 81.9 -103.174 -802.944 -60.1 49.566 -796.624 -93.7 87.534 52.514 2826.8
0.043 20.128 729.735 74.2 6.493 510.615 85 -154.548 521.305 86.3 167.538 499.925 83.6 -282.402 209.775 87.4 293.438 197.505 13.1 -401.062 -70.849 7.9 411.658 -59.0679 -142.7 -8.627 282.585 87.2 -129.058 61.535 90.4 81.568 47.555 88.6 -52.034 -380.845 10.7 30.978 -406.525 82.7 -105.273 -811.585 -53.3 49.048 -809.865 -86.1 87.832 59.155 2819.8
0.051 25.378 720.89 66.1 10.442 502.51 88.2 -150.409 514.7 92.6 171.298 490.32 83.7 -299.922 215.54 87 321.508 204.04 -1.8 -449.742 -41.398 -13.5 464.968 -17.952 -184.9 -6.441 275.11 100.9 -128.531 55.68 116.6 81.878 39.73 110.7 -87.3241 -381.16 0.6 44.198 -411.18 62.6 -105.785 -804.58 -44.8 50.218 -806.87 -74.6 87.232 66.35 2810.2
0.059 32.25 702.938 53.5 16.09 487.408 87 -144.457 501.728 94.5 176.63 473.078 79.6 -317.72 232.158 82.2 352 222.568 -20.8 -488.71 0.262 -42.6 511.96 42.078 -236.8 -2.949 261.288 111.5 -126.986 44.548 140.9 83.02 25.809 131.2 -117.057 -376.792 -22 51.88 -419.512 45.3 -104.552 -819.302 -39.9 52.18 -814.672 -64.8 85.49 63.202 2802.5
0.067 36.647 679.32 40.4 20.067 465.77 85 -140.112 482.09 95.5 180.237 449.46 74.5 -333.823 246.58 78.5 376.547 232.95 -33.6 -527.213 40.12 -61.3 549.447 103.01 -275.8 -0.38 241.51 121.5 -125.577 27.917 165 83.927 6.576 151.2 -141.159 -367.31 -50 58.637 -431.17 31.1 -110.135 -817.29 -40.5 52.957 -813.08 -56.5 84.323 66.01 2794.9
0.075 41.495 660.908 29.5 24.095 452.618 84.3 -135.897 470.948 94.7 184.095 434.288 74 -338.105 260.498 81.4 397.575 257.178 -38.3 -553.225 84.848 -68.7 571.135 170.648 -303.3 1.823 230.838 132.8 -125.063 21.04 188 84.165 -2.931 174.4 -169.024 -336.802 -78.7 63.815 -433.882 29.1 -123.461 -797.162 -51.9 51.055 -801.782 -46.3 81.865 61.802 2783.9
0.093 45.711 647.211 16.8 29.401 444.111 82.3 -130.645 462.681 91.7 189.451 425.551 73 -351.919 287.121 75 417.921 289.891 -52.4 -574.349 132.551 -93.8 590.981 252.161 -325.8 7.803 226.101 145.2 -118.447 20.233 214.2 90.851 -4.043 202 -196.839 -303.569 -105 77.251 -429.629 39 -129.061 -772.249 -55.7 61.871 -790.049 -32.7 79.259 50.079 2774.7
0.106 55.498 614.613 -3.8 36.718 417.653 78.3 -123.276 437.813 83.5 196.718 397.493 73.1 -356.172 294.213 69.1 434.708 302.803 -60.2 -592.482 155.433 -98.7 600.548 317.013 -335.1 12.476 205.123 156.4 -116.434 5.78 237.9 92.888 -20.591 231.2 -228.492 -286.507 -114.2 76.918 -429.467 32.3 -155.603 -754.337 -74 60.338 -795.227 -23.2 74.182 49.547 2764.8
0.118 64.982 589.021 -10.8 43.682 394.811 77 -116.223 416.231 80.6 203.592 373.401 73.5 -358.528 297.921 62.9 450.402 317.151 -63.8 -610.118 179.561 -98.5 593.412 387.251 -336.4 17.52 185.261 163.1 -113.198 -10.3 251.5 95.912 -38.3005 246.9 -244.918 -268.529 -118.8 84.022 -432.189 19.4 -181.468 -732.449 -90.2 66.822 -794.679 -27.9 71.508 39.999 2756.6
0.126 82.878 564.237 -31.8 55.938 377.117 70.6 -103.749 400.157 70.4 215.638 354.067 70.8 -357.992 297.197 53.8 463.438 331.567 -64.7 -618.632 187.477 -98.3 583.718 455.417 -322.9 26.578 174.427 170.5 -107.233 -13.185 270.2 101.658 -43.33 270.4 -259.962 -235.323 -109.2 87.458 -422.593 18.8 -209.742 -695.783 -86.4 73.228 -772.263 -11.6 64.362 29.403 2748.5
0.135 96.69 544.588 -38.8 69.04 358.888 67.5 -90.677 381.678 64.8 228.77 336.098 70.3 -350.11 287.448 44.7 478.1 342.568 -62.5 -619.59 189.818 -98 564.54 507.168 -306.3 38.649 158.738 172.9 -96.185 -26.5217 276.3 112.69 -56.326 280 -266.4 -229.892 -107.4 97 -416.502 2 -232.29 -693.122 -95 84.31 -766.612 -18.2 56.75 19.392 2741.4
0.143 109.188 525.505 -49.5 85.978 342.465 61.9 -74.157 361.245 56.5 246.118 323.675 67.3 -336.552 275.765 31.9 500.548 354.735 -60.5 -611.722 182.725 -96.2 534.878 560.015 -274.3 59.098 145.415 174.1 -72.536 -39.3449 282.7 136.958 -63.9219 289.7 -264.082 -219.775 -106.1 112.498 -413.465 -2 -255.522 -682.395 -98.4 104.358 -749.625 -12.3 45.282 5.2349 2736.6
0.159 119.359 512.613 -52.9 98.999 330.283 58.5 -61.366 345.003 49.6 259.359 315.563 67.4 -326.221 266.763 19 516.819 368.693 -51.2 -605.791 176.423 -89.4 501.949 589.573 -244.8 74.639 134.743 174.1 -54.613 -51.172 283.9 155.179 -70.43 295.5 -268.781 -223.347 -89 113.469 -406.367 -9.9 -295.001 -663.657 -109.6 110.989 -734.627 -13.6 35.531 -12.713 2732.3
0.17 130.925 500.662 -64.9 111.755 320.542 50.4 -48.604 331.802 37.5 272.115 309.272 63.3 -316.605 257.952 7.7 523.895 375.812 -40.8 -596.575 159.632 -79.7 458.955 599.282 -206.9 88.535 127.972 171.2 -39.561 -57.226 283.6 170.195 -71.958 300.5 -269.185 -260.338 -56.4 111.815 -351.678 -30.4 -335.255 -648.148 -122.8 118.075 -709.308 -11.8 25.175 -28.352 2729.9
0.178 141.042 496.785 -69.5 122.862 314.695 43.5 -37.327 322.605 26.7 283.042 306.775 60.3 -306.258 251.045 1 532.502 382.995 -24.7 -583.488 142.865 -64.4 420.612 592.465 -178.4 100.712 121.337 163.5 -26.191 -66.835 272.4 183.322 -77.195 294.4 -270.258 -294.085 -38.4 116.712 -320.365 -49 -374.088 -645.145 -151.3 126.342 -697.675 -21.6 16.058 -42.745 2727.8
0.186 146.071 499.837 -71.1 126.541 313.577 38.7 -33.369 319.537 18.5 286.461 307.607 58.9 -304.449 227.597 -5.7 531.431 388.597 -6.6 -582.839 121.878 -49.2 387.941 578.737 -158 104.351 119.188 157.1 -22.4012 -71.293 262.2 186.711 -79.093 288.6 -280.079 -314.063 -24.4 115.181 -294.903 -55.6 -418.429 -636.163 -165.6 126.001 -679.053 -19.4 14.869 -53.467 2725.1
0.205 151.752 500.837 -82.2 135.672 318.777 32.2 -23.8141 320.067 8.5 295.162 317.487 56 -293.388 221.337 -12.8 543.042 410.267 18.8 -572.668 117.053 -41.8 380.882 560.817 -154.3 115.842 126.939 155 -8.3193 -64.053 262.2 200.332 -65.743 293.3 -276.588 -326.663 5.2 124.142 -265.543 -50 -437.368 -619.033 -163.9 136.542 -654.123 -5.9 3.5181 -77.707 2724.5
0.221 157.137 507.05 -85.3 143.567 325.65 28 -14.9952 322.41 -0.8 302.127 328.88 56.8 -286.343 222.52 -17.4 542.867 440.46 46.4 -561.243 107.676 -38.1 389.357 545.35 -159.9 125.027 134.147 151.6 2.7535 -59.47 256.3 210.217 -55.23 294 -269.393 -336.88 18.6 130.177 -245.02 -62.1 -451.183 -608.08 -174.9 143.887 -636.3 -7.5 -8.1068 -101.68 2724.3
0.237 160.505 505.03 -97.6 147.595 328.9 22.6 -9.991 321.24 -10.4 305.175 336.55 55.6 -279.015 221.1 -22.1 543.565 450.41 72 -549.755 97.423 -34.4 413.365 529.11 -163.5 129.285 142.278 153.3 7.9289 -49.35 262.3 214.035 -39.33 305.5 -261.805 -343.53 42.1 131.375 -216.06 -54.4 -461.595 -590.89 -162.5 150.235 -609.7 2.8 -16.355 -119.59 2722.9
0.25 160.808 505.2 -102.8 149.688 328.65 20.3 -6.942 316.19 -15.7 306.328 341.11 56.3 -277.652 210.507 -24.9 543.138 455.13 79.7 -548.542 84.018 -24 449.008 519.73 -174.8 133.918 143.233 153.1 15.7266 -50.33 262.3 220.568 -34.04 309.4 -239.602 -367.86 58.6 139.248 -207.99 -60.8 -465.602 -590.7 -169.6 161.178 -603.32 -3.6 -23.078 -130.21 2720.3
0.258 155.627 494.93 -102.3 146.287 317.94 20.4 -9.348 301.63 -18.5 301.917 334.24 59.2 -279.223 189.923 -28.5 536.667 474.24 75.2 -551.753 64.613 -21.2 467.777 518.38 -193.6 132.587 132.293 153.2 17.1255 -64.01 260.5 220.637 -42.69 311.3 -238.303 -392.59 74.1 138.347 -213.92 -62.2 -479.343 -599.64 -172.9 163.317 -604.08 -5.7 -24.137 -132.26 2719.3
0.267 147.071 490.32 -99.7 140.631 312.76 20.6 -14.242 293.33 -20 295.501 332.2 61.3 -279.159 176.711 -30.6 528.291 463.88 70.3 -550.009 48.122 -16.9 471.611 535.77 -194.9 129.161 126.829 153.3 16.4436 -71.81 259.3 218.931 -46.4 312.5 -245.219 -398.1 76 135.521 -207.21 -63.2 -493.939 -596.14 -178 162.001 -599.79 -4.9 -25.521 -133.87 2715
0.275 138.264 480.58 -108.7 136.294 307.22 16 -18.086 283.18 -24 290.684 331.27 56 -277.196 168.529 -34 522.514 458.62 64 -546.846 39.749 -18.9 459.674 551.52 -195.6 129.614 123.678 152.1 21.9682 -75.6 262 223.884 -44.14 314.4 -245.016 -399.75 81.8 142.494 -200.76 -61.1 -493.636 -592.23 -177.5 169.234 -591.55 0 -29.164 -135.09 2714.7
0.284 129.716 472.95 -115.1 128.062 302.36 12.8 -26.33 277.82 -27.2 282.456 326.9 52.7 -282.524 162.245 -35.1 516.326 449.29 70.4 -547.804 27.71 -26 425.966 563.54 -172.9 121.166 120.473 151.2 13.347 -77.45 263.4 215.196 -45.37 315.7 -257.004 -397.1 79.7 133.026 -203.6 -63.9 -508.774 -590.45 -183.5 159.896 -596.49 2.2 -29.656 -137.53 2714.9
0.293 129.288 463.06 -116.5 125.962 291.41 12.8 -28.226 265.81 -27.4 280.151 317 53 -284.969 148.986 -30.8 512.451 437.02 71.5 -548.419 14.24 -26.7 389.231 563.27 -153.4 120.33 108.972 150.6 13.886 -90.2 262 215.511 -56.73 314.6 -253.389 -407.78 70.3 140.711 -212.07 -68.7 -502.419 -598.55 -187.4 167.141 -601.51 -1.7 -31.621 -132.63 2715.7
0.301 126.017 472.15 -112.4 123.27 295.27 11 -30.926 269.69 -29.3 277.468 320.86 51.2 -288.182 145.099 -28.8 507.038 432.12 72.8 -549.812 8.27 -28.3 352.558 556.2 -135.5 119.178 109.767 144.5 14.261 -92.47 251.8 215.908 -59.01 304.4 -252.882 -412.85 64.4 143.398 -205.27 -74.3 -497.312 -592.31 -193 170.608 -598.99 -12.7 -32.118 -130.92 2718.3
0.309 121.922 484.91 -107.5 121.935 303.25 8 -32.339 277.52 -31.9 276.206 328.99 47.9 -291.784 142.205 -24.5 502.326 416.22 63.9 -549.864 -0.25 -26.4 327.946 549.34 -129 120.648 113.52 135.4 18.479 -93.04 236.7 220.246 -59.38 288.9 -247.774 -421.49 63.1 149.136 -202.76 -78.1 -487.314 -588.49 -194.9 175.746 -597.62 -20.8 -33.876 -125.11 2719.7
0.327 111.542 489.04 -108.8 115.064 306.62 4.7 -39.309 280.1 -34.3 269.435 333.15 43.7 -295.845 147.324 -25.6 492.215 422.82 63.1 -553.555 3.8 -24.9 315.125 548.28 -136.3 116.611 114.844 129.1 17.205 -94.28 228 219.105 -59.59 278.9 -251.505 -424.56 61.4 146.095 -205.26 -74.2 -482.715 -594.54 -182.2 172.395 -600.19 -17.1 -29.495 -119.77 2724.2
0.343 98.114 492.01 -104.3 103.848 306.39 4.9 -50.966 279.82 -32.3 258.659 332.97 42 -304.301 144.262 -23.5 480.739 426.46 58.3 -560.061 -4.32 -17.7 307.889 540.07 -150 108.383 112.029 125.1 11.674 -99.71 221 214.159 -64.95 269.6 -257.431 -429.02 52.9 139.229 -215.18 -80.4 -480.201 -601.36 -175.5 164.889 -608.14 -20.3 -22.399 -106.47 2727.3
0.356 88.878 501.521 -95.3 94.902 309.581 6.8 -60.855 285.301 -27.7 250.66 333.861 41.4 -306.67 136.949 -17.7 474.85 423.471 48.2 -562.69 -9.063 -17 314.68 533.251 -166.7 100.276 111.988 121.6 3.773 -101.489 213.7 207.53 -69.729 258.9 -265.13 -434.329 52.4 137.14 -227.599 -76.8 -475.06 -610.639 -169.2 155.46 -615.079 -24.8 -17.25 -89.021 2730.6
0.364 80.216 507.685 -102.9 88.533 318.165 3.5 -67.769 293.265 -27.9 244.839 343.075 35 -312.311 141.789 -12.9 474.939 442.575 41.1 -569.771 -0.162 -19.4 334.089 550.855 -184.8 96.368 121.704 120.1 1.986 -91.045 216.2 206.419 -58.475 257.3 -257.311 -433.225 59.1 145.419 -225.895 -68.1 -457.771 -613.175 -151 157.079 -617.135 -19.5 -12.629 -85.345 2735.8
0.372 74.2645 510.806 -97.8 83.5415 317.866 5.7 -73.4105 293.726 -23 240.494 342.016 34.3 -320.387 138.584 -8.1 468.253 445.926 33.4 -576.236 -5.23 -23.3 351.823 547.426 -211 93.3485 119.544 119 0.5167 -94.574 213.5 205.793 -62.994 251 -253.436 -434.874 44.3 149.114 -247.234 -78.6 -442.466 -629.994 -150.4 152.444 -634.854 -27.8 -8.6235 -67.846 2739
0.38 64.8576 521.074 -99.5 81.1606 329.114 4.4 -75.5034 300.694 -21.6 237.826 357.534 30.3 -326.424 153.518 -3.9 466.886 461.694 20.8 -580.834 10.624 -26 372.496 553.504 -235.2 97.9486 132.07 118.9 12.2528 -83.566 216.6 217.216 -46.386 250.5 -238.494 -425.716 45.9 164.136 -243.586 -75.7 -408.414 -636.526 -133.9 159.806 -631.396 -20.9 -5.5756 -63.154 2745.4
0.389 55.818 517.199 -93.2 77.321 327.199 8.1 -79.836 297.919 -13.4 234.48 356.479 29.7 -331.84 159.149 5.8 469.33 479.689 11.7 -585.98 14.515 -28.6 406.01 540.649 -259.6 98.658 129.579 121 17.217 -87.191 219.8 222.77 -48.901 248 -234.55 -426.771 45.3 158.71 -264.371 -72.5 -382.88 -660.161 -124.2 151.04 -652.271 -30.1 -2.69 -51.969 2749.9
0.397 42.9209 517.968 -91.4 67.6489 328.018 8.5 -89.8521 298.328 -10 225.148 357.718 26.9 -341.102 164.828 18.3 463.988 484.068 11.3 -591.932 24.06 -34.5 432.558 519.788 -270 92.0059 129.764 119.7 13.3839 -87.912 218.9 219.348 -49.075 243 -235.472 -426.112 37.7 145.058 -265.212 -67.7 -348.332 -670.552 -116.8 138.728 -661.162 -36.4 3.8221 -39.738 2754
0.406 28.9043 518.113 -92.1 55.7823 328.043 7.1 -102.328 299.433 -7.3 213.895 356.653 21.6 -349.555 167.503 22.9 446.495 492.593 9.4 -596.275 26.9525 -50.1 447.875 499.123 -275.6 81.7123 129.293 117.2 4.2393 -88.157 217.8 211.045 -50.74 236.7 -241.735 -423.377 27.5 133.275 -272.927 -66.2 -306.025 -684.887 -102.5 128.615 -674.907 -41 9.3947 -26.953 2759.2
0.414 11.278 525.247 -93.7 39.679 333.417 5.6 -118.601 304.667 -7 197.957 362.167 18.2 -366.203 166.987 30.1 429.827 500.017 3.3 -603.933 26.0418 -69.5 452.387 476.407 -280.5 67.271 134.007 114.1 -8.6179 -84.203 214.3 198.347 -46.606 230.8 -236.413 -423.943 11 127.307 -344.513 -48.6 -252.283 -695.253 -88.9 118.807 -681.893 -45 18.613 -16.207 2762.5
0.426 -6.996 526.64 -87.5 28.654 334.96 6.6 -129.314 303.48 -2.6 186.616 366.43 15.7 -381.944 171.78 34.6 426.586 501.23 -1.4 -609.304 24.1132 -83.8 456.946 463.75 -285.1 62.522 134.58 111.2 -6.931 -86.3828 209.9 199.716 -45.2048 221.8 -209.624 -441.45 7.6 136.736 -393.46 -26.7 -188.404 -712.55 -72.1 124.686 -700.89 -50.9 24.114 -9.3802 2767.7
0.445 -23.1036 523.636 -95 18.295 334.816 3.2 -138.488 297.746 -4.1 175.072 371.886 10.4 -392.288 171.486 39.2 413.462 503.736 -2.7 -612.648 32.3922 -97.7 451.382 446.836 -281.3 59.857 137.896 111.3 -1.15 -83.2838 214.7 203.982 -34.7808 224.2 -179.658 -450.574 11.8 136.962 -404.214 -13.7 -130.088 -719.274 -37.4 124.182 -705.944 -47.6 29.368 0.21376 2770.4
0.461 -37.7119 526.206 -103.8 11.312 344.436 0.7 -143.676 300.526 -4.8 166.304 388.346 6.1 -404.886 193.736 43.4 397.484 527.386 -13.4 -611.916 49.8809 -111.5 438.734 446.936 -282.3 61.967 151.756 112.2 11.214 -69.6521 220.2 214.034 -12.1941 227.4 -164.286 -437.804 14.7 143.984 -388.574 -10.9 -72.898 -724.484 -4.1 125.234 -704.994 -49.8 32.406 -6.3759 2775.9
0.474 -49.554 523.097 -114.7 4.405 346.117 -4.1 -148.725 296.227 -10.4 157.535 396.007 2.1 -411.925 195.187 53.6 387.255 524.987 -15.7 -601.125 52.7974 -124.5 424.755 430.427 -281.6 61.114 157.627 111.6 17.68 -63.5026 223.4 217.965 1.7505 231.5 -147.145 -431.413 8.5 141.525 -372.193 -14.5 -47.391 -722.963 9 119.365 -707.363 -54.1 32.625 1.0326 2777.1
0.492 -58.353 526.694 -121 -2.825 353.234 -6 -155.096 300.624 -13.4 149.444 405.844 1.4 -413.476 207.464 59.3 384.624 517.854 -14.3 -585.636 62.1621 -134.5 394.884 427.144 -287.6 55.892 166.624 112.1 15.091 -54.3649 225.4 214.124 14.4021 235.1 -141.616 -421.226 2.4 139.014 -361.486 -11.5 -35.852 -730.656 18.7 113.484 -714.766 -55.2 33.296 -2.8441 2777.5
0.505 -72.15 524.522 -119.6 -10.806 353.772 -3.1 -161.841 297.562 -9.9 140.229 409.992 3.6 -411.441 208.082 67.3 368.099 524.272 -17 -563.201 63.2108 -142.7 363.629 420.152 -285.2 52.679 168.952 115.4 17.412 -52.6192 229.5 214.919 20.8888 238.4 -115.702 -427.058 4.8 151.679 -352.028 -16.9 -20.215 -732.268 18.1 120.939 -716.888 -57.5 31.851 -1.2618 2774.6
0.519 -85.186 526.632 -113.4 -18.848 357.272 1 -168.898 298.232 -4.1 131.202 416.302 6.2 -416.868 222.062 73.3 366.412 532.142 -24.9 -539.688 78.82 -156.5 317.792 417.622 -280.3 49.713 172.872 117.4 20.166 -50.127 230.4 216.382 27.07 237.1 -97.817 -427.388 1.6 164.042 -344.508 -23.2 -15.221 -732.188 14.4 128.852 -717.178 -55.5 33.068 -12.142 2775.2
0.533 -97.1 535.71 -108.6 -28.3108 365.23 4.6 -177.631 304.26 -0.2 121.009 426.19 9.4 -421.151 230.5 80.5 345.489 553.54 -34.2 -509.021 94.411 -169.6 268.859 419.42 -270.2 43.207 181 119.6 17.095 -43.095 231.4 212.349 36.624 237.7 -92.764 -420.6 -1.6 171.739 -332.79 -28.1 -19.197 -716.79 12.9 134.519 -699.62 -54.5 32.751 -21.04 2773.3
0.544 -117.318 540.578 -103.1 -46.5917 370.428 8.8 -195.179 307.638 4.2 102.001 433.218 13.4 -438.929 235.228 82.7 333.891 554.758 -43.1 -483.189 113.38 -183.2 208.961 420.338 -260.1 27.67 186.368 122.3 4.772 -38.748 232.8 199.091 43.37 238.9 -95.653 -417.452 -2.6 184.871 -324.972 -30.2 -30.09 -711.092 13.2 146.781 -689.382 -57.5 40.229 -31.998 2770.7
0.56 -135.815 542.473 -90.7 -64.795 370.273 16 -214.707 310.983 18.1 85.113 429.573 14 -452.657 229.723 87.4 306.293 552.373 -56.5 -457.077 124.322 -189 138.143 412.043 -237 10.231 184.323 125.9 -12.871 -40.454 237.1 183.383 37.1738 234.5 -103.005 -422.997 3.6 205.563 -318.477 -48.6 -43.3787 -705.957 17.5 169.963 -686.787 -67.4 50.697 -38.583 2768.8
0.575 -150.858 539.081 -93.9 -82.146 368.721 15.8 -233.622 315.181 26.2 69.328 422.261 5.4 -458.542 223.981 89.3 282.418 549.361 -73.1 -421.342 137.666 -188.6 80.558 413.261 -212.2 -8.802 182.831 127 -34.655 -38.118 245 163.738 32.001 231.3 -118.035 -417.849 4.4 222.588 -323.919 -45.5 -59.2576 -696.669 21.6 193.808 -670.839 -76 58.102 -48.401 2767.8
0.586 -171.358 540.7 -84.5 -103.321 365.36 20 -255.648 315.92 36.8 49.002 414.8 3.2 -469.738 221.23 74.3 259.292 525.82 -87.4 -387.058 147.035 -190.9 20.936 407.12 -188.4 -30.383 177.19 127.5 -57.036 -43.302 246 142.142 21.348 224 -128.326 -414.1 -11 241.742 -326.12 -51 -66.9945 -697.17 16.9 234.932 -662.37 -86.2 67.898 -49.91 2765.8
0.593 -190.049 553.946 -68.5 -122.951 375.086 28.3 -275.559 325.156 42.6 29.651 425.006 14 -481.019 212.036 53.6 224.471 513.886 -104.7 -353.989 157.338 -189.1 -36.344 403.236 -173 -50.768 183.786 130.6 -78.2706 -40.124 242.2 121.101 25.107 223.4 -149.38 -347.484 -40.3 260.631 -317.634 -39.3 -75.2144 -684.514 12.7 286.391 -644.434 -83.9 77.659 -62.896 2763.9
0.601 -205.362 566.559 -58.2 -139.499 381.169 32.1 -292.442 333.589 50.6 13.446 428.749 13.6 -470.462 202.149 44.5 181.318 481.989 -128.6 -323.122 160.007 -189.2 -95.34 387.559 -158.8 -67.409 187.309 129.5 -95.314 -37.671 238.9 104.678 24.549 214.7 -158.262 -301.431 -54 283.188 -304.061 -42.2 -78.6793 -669.951 16 343.428 -641.731 -97.4 83.182 -67.059 2760.7
0.609 -229.772 587.968 -51.8 -162.981 400.258 33.8 -315.542 355.578 60 -10.417 444.948 7.6 -474.312 206.928 49.8 129.108 458.278 -147.7 -303.842 178.377 -186.7 -158.948 387.048 -152.9 -89.6513 205.688 128.9 -116.165 -18.132 241.1 83.518 40.354 206.8 -168.779 -269.752 -52.5 296.368 -283.312 -29.6 -86.988 -651.012 25.5 393.548 -625.672 -101 97.602 -87.378 2756.8
0.617 -244.15 595.372 -47.5 -177.036 406.602 34.1 -329.13 363.992 66.1 -24.941 449.222 2.1 -455.46 196.417 47 79.76 426.562 -161.8 -284.99 186.507 -191.4 -213.62 372.082 -151.4 -102.731 211.672 127.8 -127.868 -11.128 242.3 71.01 44.601 200.5 -173.716 -259.258 -61 313.05 -273.778 -14.7 -91.821 -646.888 26 444.98 -622.108 -102.7 107.07 -97.642 2753.8
0.625 -256.38 607.36 -36.5 -188.374 416.02 37.5 -337.37 378.78 84.1 -39.378 453.27 -9.1 -429.4 192.139 30.9 26.36 387.3 -172.9 -264.77 193.471 -205.7 -266.07 353.09 -156 -111.885 218.99 124.5 -133.229 -2.49 242.2 62.44 46.418 181 -176.556 -251 -70.7 325.75 -268.09 -15.8 -92.108 -635.32 34.3 487.37 -615.92 -115.2 110.31 -103.19 2753.9
0.644 -267.52 609.92 -29.6 -196.708 419.16 40.8 -343.03 382.96 96.5 -50.387 455.35 -14.9 -423.8 206.633 7.7 -49.335 365.84 -181.1 -240.67 195.26 -220.5 -338.45 331.53 -175.4 -115.752 223.15 126.1 -130.373 3.5 247.8 60.78 50.792 175.1 -171.151 -250.28 -72 345.65 -265.03 16 -85.427 -631.43 42.5 532.82 -607.51 -106.7 119.15 -116.85 2755
0.658 -262.42 599.64 -26.1 -189.439 409.85 43.5 -332.63 376.96 108.6 -46.249 442.73 -21.7 -380.34 193.195 -2.3 -101.08 337.28 -191.1 -206.355 191.955 -230.9 -387.53 292.05 -185.6 -106.342 214.02 127.3 -116.868 -3.31 253.6 70.38 39.694 168.5 -168.163 -250.56 -82.1 361.52 -281.56 29.6 -84.301 -627.64 40.2 567.07 -613.3 -109.4 113.46 -109.34 2754.5
0.672 -264.55 601.16 -16.3 -190.879 409.41 48.3 -332.05 377.46 118.7 -49.703 441.36 -22.1 -348.39 183.082 -21.7 -147.726 313.53 -198.1 -175.355 185.102 -240.9 -430.78 254.63 -199 -106.701 212.18 127.6 -114.699 -5.9 252.9 69.65 35.813 160.9 -174.055 -255.5 -103.2 366.03 -292.24 52.2 -91.124 -631.04 30 585.72 -617.52 -110.9 112.36 -107.64 2753.8
0.68 -269.97 607.55 -9.3 -196.323 414.53 52.2 -336.2 382.33 125.5 -56.447 446.72 -21.1 -319.57 189.068 -15.8 -193.227 313.25 -200.9 -161.807 179.642 -248 -469.7 225.72 -211.8 -111.054 216.339 127.9 -117.145 -2.87 251.4 65.57 39.179 155.7 -174.488 -253.36 -112.3 364.94 -294.11 73 -92.022 -631.63 33.3 595.46 -621.51 -101.3 115.02 -117.34 2753.3
0.687 -268.08 607.65 -3.4 -195.206 412.66 55.3 -335.02 380.28 128.9 -55.394 445.04 -18.3 -284.25 191.438 -22.9 -233.58 307.02 -198 -138.269 175.407 -248.6 -502.04 187.9 -226.5 -110.785 212.908 127.8 -117.721 -8 248.3 64.99 34.31 152.1 -172.371 -251.27 -121.4 367.44 -301.89 95.7 -89.639 -634.4 34.4 598.34 -627.8 -88 112.97 -120.07 2751.2
0.696 -270.49 611.74 12.9 -200.525 413.81 63.5 -337.58 382.09 142.3 -63.473 445.53 -15.3 -275.3 207.064 -28.6 -273.92 309.16 -190.2 -128.266 178.377 -253.8 -528.69 158.433 -231.7 -116.453 211.398 128.2 -122.03 -11.76 244.5 57.27 29.734 141.4 -172.648 -250.43 -129.5 359.96 -309.67 108.3 -91.781 -631.99 33.3 594.76 -628.15 -85 116.01 -125.83 2748.3
0.712 -274.49 619.32 18.8 -205.768 420.32 66.8 -337.57 393.26 155 -73.971 447.37 -21.5 -276.59 232.4 -36.8 -308.33 321.78 -180.1 -117.87 189.421 -255 -544.48 147.354 -242.2 -122.738 216.403 128.3 -126.08 -5.24 247.6 46.67 30.22 131.9 -174.189 -239.42 -121 354.61 -305.99 123.4 -93.756 -617.2 43.5 596.32 -627.01 -86.8 123.29 -138.73 2746.2
0.726 -267.55 610.44 23.6 -200.194 411.21 70 -329.03 386.95 163.5 -71.356 435.47 -23.5 -272.44 244.69 -43 -324.28 319.33 -173.6 -103.228 189.06 -251.4 -550.74 133.539 -246.9 -118.241 206.292 129.7 -120.478 -14.48 250.6 47.9 17.23 128.4 -172.328 -240.34 -122 362.53 -313.67 124.4 -90.111 -621.23 47.7 607.23 -632.91 -84.4 124.74 -137.34 2744.2
0.737 -268.66 613.67 36.5 -202.873 413.92 76.8 -325.56 391.68 178.5 -80.191 436.17 -24.9 -270.56 246.47 -52.1 -329.9 314.04 -174.3 -93.167 190.352 -254.7 -555.08 128.157 -250.9 -121.195 207.198 130.1 -119.814 -14.09 250 40.78 15.03 116.9 -179.214 -231.64 -126.4 358.85 -312.89 106.4 -98.606 -608.08 40.5 600.17 -625.22 -92 123.47 -134.74 2743.2
0.745 -265.07 607.33 31.2 -199.258 408.07 73.6 -321.24 388.24 176.9 -77.282 427.89 -29.8 -263.81 238.33 -59.4 -324.98 308.12 -176.6 -90.777 196.823 -268.1 -554.08 131.525 -250.9 -119.079 201.107 128.5 -118.548 -18.8 250.9 40.75 7.09 115.9 -179.702 -240.02 -119.5 365.62 -314.38 111.6 -97.398 -612.74 38.9 609.34 -632.38 -85.5 120.28 -126.96 2743.5
0.758 -265.13 610.69 40.4 -202.45 409.06 80 -323.81 389.41 184.3 -81.088 428.7 -24.4 -261.58 231.15 -62.2 -315.67 301.53 -178.7 -88.16 193.023 -272.9 -550.21 137.268 -253.7 -123.763 200.835 132.3 -124.369 -20.22 252.8 34.22 5.45 116.4 -184.708 -240.47 -110.9 362.89 -311.45 97.3 -102.556 -621.34 40.3 607.44 -632.8 -94 117.31 -116.46 2743.7
0.771 -265.41 612.14 43.3 -202.126 409.57 79.4 -328.07 385.82 177 -76.184 433.32 -18.2 -258.97 223.93 -55.8 -300.03 299.66 -181.1 -92.222 200.902 -270.2 -545.12 151.898 -256.1 -123.282 201.059 130.4 -126.892 -23 245.3 38.02 8.09 117.5 -179.118 -253.81 -116.8 370.49 -303.12 81.4 -99.042 -630.74 26.8 621.11 -637.46 -103.5 114.88 -109.09 2743.6
0.78 -263.21 613.984 32.4 -198.45 411.844 70.4 -331.36 383.614 156 -65.539 440.064 -15.2 -307.04 203.924 -79 -275.92 291.514 -183.6 -100.676 201.264 -270.8 -530.37 180.331 -263.2 -120.681 203.134 122.3 -130.096 -24.076 230.4 44.27 12.949 118.1 -178.385 -252.786 -110.3 374.08 -296.516 56.6 -97.847 -632.756 21.6 617.28 -637.816 -113.2 109.8 -95.764 2746.3
0.788 -251.36 620.854 37.1 -188.832 418.254 71.1 -324.92 388.054 151.5 -52.746 448.454 -9.2 -324.53 196.414 -84.5 -246.43 294.114 -190.2 -109.387 207.404 -278.8 -511.56 206.914 -262.7 -113.474 207.904 119.7 -126.953 -22.166 220.7 50.72 17.264 115.9 -169.49 -260.746 -94.1 375.41 -292.306 32.2 -87.221 -639.226 26.3 595.85 -641.236 -119.7 99.92 -83.674 2747.5
0.8 -248.167 620.461 29.1 -183.707 418.811 72 -322.377 389.261 148.4 -45.038 448.371 -4.5 -327.257 212.561 -73.5 -219.207 298.811 -191.9 -128.517 213.111 -287.3 -490.907 252.291 -269.5 -109.002 209.801 126.7 -124.863 -18.51 231.3 56.273 20.094 131.4 -158.51 -268.359 -58.6 373.553 -294.279 36.3 -81.375 -647.599 44.6 570.353 -653.699 -95.8 97.877 -72.671 2748
0.808 -235.653 622.882 33.2 -171.55 422.712 72.9 -307.903 393.382 153.7 -35.195 452.042 -7.9 -321.853 224.062 -63.9 -176.813 314.122 -197 -147.414 224.512 -294.8 -448.223 300.612 -282.7 -96.29 212.902 123.7 -110.146 -16.077 227.4 68.087 22.263 121.8 -146.89 -286.168 -61.3 361.787 -305.738 4.3 -62.823 -664.288 38.3 531.837 -643.268 -111 84.603 -62.102 2752.1
0.816 -217.707 617.317 34.7 -154.089 415.067 61.2 -296.087 377.487 124.8 -12.094 452.657 -2.4 -318.197 220.327 -55.9 -136.091 320.877 -195.9 -175.627 216.807 -302.9 -397.517 346.007 -293.3 -80.863 202.177 98.8 -97.513 -34.503 176.8 82.243 13.073 96.2 -118.045 -370.853 -49 353.173 -333.283 -23 -51.156 -688.783 11.8 494.563 -636.143 -107.9 70.567 -41.607 2754.1
0.824 -197.816 620.24 28.3 -134.833 417.32 52.3 -280.406 376.2 105.4 10.742 458.44 -0.8 -331.306 213.5 -50.3 -88.354 324.47 -195.9 -209.026 222.07 -307.1 -326.896 397.41 -317.3 -62.2973 203.24 85.4 -83.429 -37.301 152.6 103.904 15.6145 84.3 -87.226 -431.16 3.2 343.604 -359.95 2.5 -38.274 -689.22 21.4 453.724 -608.58 -77.8 55.206 -25.19 2761.4
0.832 -173.172 610.871 22.6 -114.661 407.082 52.4 -263.242 368.772 100.3 33.919 445.382 4.4 -341.102 195.591 -38.4 -34.625 320.531 -195.3 -266.922 226.542 -310.2 -242.702 420.512 -347.4 -47.1711 192.022 89.7 -70.676 -46.4895 156.4 111.318 0.4284 97.7 -69.139 -463.108 18.2 298.488 -293.068 -55.3 -28.4389 -717.088 33.4 405.798 -625.568 -47.6 37.492 3.0485 2767.4
0.84 -149.226 596.383 16.2 -95.732 390.703 51.6 -246.896 356.053 94.7 55.431 425.363 8.6 -348.656 187.783 -27.5 35.087 315.233 -186 -306.736 234.013 -309.1 -137.166 444.823 -359.6 -34.514 174.403 92.4 -69 -63.852 160.5 122.404 -19.965 106 -56.706 -493.807 36.1 248.394 -221.327 -118.6 -17.8461 -748.027 26 367.554 -608.577 -39.8 19.306 30.517 2774.5
0.848 -121.074 564.509 13.5 -74.0142 358.049 52.9 -228.054 325.789 86.1 80.0278 390.299 19.7 -366.224 179.309 -17.7 110.156 291.979 -166 -348.744 236.289 -297.9 -28.1262 453.419 -346.4 -19.0822 140.599 96.5 -63.4372 -97.644 161.6 135.136 -56.066 118.8 -36.3062 -533.651 44.4 231.296 -184.461 -148.9 0.8475 -797.651 17 333.376 -585.091 -26 3.9742 69.311 2778
0.856 -107.488 544.764 12 -67.2621 338.444 57.4 -223.248 311.024 86.2 88.7269 365.874 28.5 -387.688 184.404 -5.8 167.502 283.654 -142.6 -391.568 254.554 -279.9 71.5999 465.794 -335.2 -19.6761 120.844 107.8 -73.3081 -114.554 176.9 129.132 -78.964 139.5 -37.9851 -554.276 66.6 199.152 -151.032 -162.4 -0.108 -822.376 26.4 286.192 -557.846 -11.9 -2.0019 96.416 2779.5
0.864 -94.7848 534.14 9.9 -58.3758 327.68 57.9 -215.595 303.05 83.3 98.8402 352.31 32.5 -400.335 183.63 4.2 211.755 283.24 -128.2 -427.815 279.19 -262.1 160.175 480.83 -319.7 -15.7208 109.44 110.4 -75.4428 -124.846 179.4 129.315 -92.77 146.4 -26.2948 -561.92 59.9 181.245 -122.117 -187.6 11.8706 -846.24 13.6 258.765 -523.02 -20.9 -8.0252 113.77 2782.6
0.873 -77.387 525.89 3.4 -46.995 319.12 54.5 -205.267 298.52 77.1 111.276 339.72 31.8 -402.807 192.96 10.3 252.233 282.25 -115 -458.857 313.29 -241.2 230.413 496.11 -296.1 -10.631 100.39 109.7 -77.561 -131.775 179.7 129.033 -104.89 150.1 -19.994 -566.61 53.3 156.253 -95.827 -201.8 16.4647 -861.45 8.5 231.513 -495.78 -20.5 -15.383 126.74 2788.6
0.881 -64.632 514.77 -1.7 -40.746 308.57 52.2 -199.865 292.89 73 118.369 324.26 31.5 -412.775 200.01 9.4 277.745 281.66 -103.7 -474.265 349.94 -226.1 275.525 516.97 -265.8 -11.802 88.94 108.2 -86.815 -140.941 177.7 121.095 -120.442 150.6 -22.095 -575.51 52.3 130.235 -82.749 -217.1 14.9104 -876.27 1.4 207.365 -478.23 -27.9 -18.825 142.33 2793
0.897 -54.391 515.84 -6.7 -35.696 307.78 48.2 -195.434 295.81 66.8 124.046 319.74 29.5 -416.084 208.56 13.1 291.186 276.4 -86.9 -467.964 391.83 -195.1 300.976 533.72 -214.5 -12.809 87.02 102.6 -94.314 -141.565 169.1 114.472 -125.923 144.8 -16.87 -574.19 43.9 117.098 -68.029 -231.8 20.7134 -884.14 -10.5 194.166 -458.27 -42.2 -19.216 156.6 2798.1
0.907 -44.763 518.76 -10.2 -29.347 310.79 44.6 -189.615 300.43 59.6 130.915 321.14 29.7 -417.085 230.22 16.4 301.545 279.69 -72.1 -439.535 451.74 -148.4 295.445 555.03 -155.7 -10.156 89.06 96.7 -95.735 -139.441 158.6 113.801 -125.901 139 -10.118 -571.88 37.7 111.972 -65.676 -242.3 26.0047 -896.57 -18.1 186.005 -460.3 -52.5 -20.535 163.83 2804.1
0.915 -41.906 524.73 -9.1 -28.935 315.59 42 -189.524 306.93 54.9 131.646 324.25 29.1 -413.434 250.67 27.9 322.386 296.95 -55.8 -402.454 501.03 -98.3 272.576 576.28 -97.8 -13.043 92.69 90.1 -102.124 -135.866 146.7 107.827 -124.54 129.8 -14.383 -569.54 31.4 101.245 -72.996 -256.5 21.7225 -902.81 -25.7 171.256 -472.81 -69.6 -18.856 164.83 2812.3
0.923 -43.588 535.71 -10.1 -31.932 326.15 40.9 -192.794 318.71 51.1 128.926 333.6 30.8 -428.624 284.22 50.1 335.286 322.38 -34.8 -360.684 533.81 -58.8 233.296 589.51 -55 -18.663 102.69 87.4 -110.574 -125.64 140.5 99.786 -115.908 127.3 -14.813 -558.55 28.7 99.118 -83.948 -259.9 19.6998 -898.39 -25.8 160.126 -482.35 -80.5 -14.506 164.52 2818.5
0.931 -39.533 547.86 -0.9 -31.049 336.84 44.9 -192.06 331.03 54.1 129.96 342.65 35.7 -436.13 309.16 67.4 346.32 332.27 -21 -317.6 550.77 -22.8 201.26 582.38 -27.7 -20.665 112.03 84.8 -115.56 -116.569 130.7 94.993 -108.973 118.7 -11.933 -550.64 31.8 102.354 -106.95 -274.5 16.1499 -897.85 -37.9 154.36 -511.15 -98.3 -11.42 167.69 2823.4
0.939 -39.4564 561.98 11.1 -32.6944 349.36 51.6 -193.875 344.1 56.1 128.485 354.62 47.2 -438.645 335.3 86.4 357.085 351.01 5.3 -291.485 561.28 -18.3 177.665 579.81 -14.3 -24.4194 123.33 84.1 -121.575 -106.142 119.5 89.2896 -99.262 113.7 -10.3034 -540.39 30.2 105.014 -135.152 -280.2 12.707 -901.97 -46.4 149.015 -548.75 -105.6 -7.0246 165.55 2826.9
0.947 -39.5079 583.52 30.7 -33.5689 369.49 63.6 -194.851 365.15 65 127.709 373.83 62.2 -439.171 368.39 109.5 368.189 386.36 35 -282.081 570.17 -23.1 163.529 585.93 -16.4 -27.2489 142.4 87.6 -126.381 -87.522 112.6 84.5311 -81.849 110.8 -10.2029 -522.05 30.8 105.849 -156.171 -278.6 5.7288 -893.34 -50.2 143.349 -580.47 -113.8 -4.5891 154.48 2828.1
0.955 -43.3731 604.61 50.7 -39.2461 389.92 73.8 -200.586 386.46 74.3 122.094 393.38 73.3 -438.456 402.49 129.3 369.724 421.52 59.6 -284.396 577.64 -31.1 163.074 584.85 -44.7 -34.3141 162.06 88 -134.866 -68.072 102.6 76.1029 -63.548 101.9 -10.3299 -500.84 23.5 101.854 -182.16 -276.8 -0.1878 -883.27 -54.8 139.604 -618.31 -121.4 2.1061 145.92 2831
0.963 -42.3689 624.15 61.7 -41.9879 409.06 81.1 -203.364 407.58 80.9 119.396 410.53 81.3 -436.144 436.26 137.2 370.446 449.79 78.4 -296.004 586.33 -52.1 177.866 607.66 -59.5 -39.9169 180.77 89.6 -143.374 -48.472 98 67.6831 -46.547 98.3 -19.0229 -482.59 26.1 95.7761 -221.898 -267.1 -4.7663 -873.95 -50.4 134.646 -656.97 -122.9 6.9739 137.94 2831.9
0.972 -40.337 642.24 64.7 -42.403 426.08 83.7 -203.787 426.32 82.1 118.983 425.84 85.3 -436.037 479 143.6 373.253 474.28 91.2 -314.947 606.42 -75.8 197.193 636.17 -65.3 -42.811 197.61 90 -148.757 -30.706 95.3 62.314 -31.025 97.4 -15.0707 -461.51 20.4 92.803 -261.4 -261 -6.4451 -868.49 -47.6 133.743 -688.44 -121.4 10.967 130.59 2833.4
0.98 -40.989 644.12 78.1 -44.722 428.89 89 -206.069 430.88 85.8 116.621 426.89 92.2 -437.659 500.15 144.3 375.991 502.34 93.1 -329.329 632.72 -84.5 212.871 666.75 -79 -47.514 200.42 87.3 -155.819 -26.74 83.6 55.206 -29.347 87.8 -9.3824 -454.31 15.2 80.989 -306.4 -262.1 -11.5891 -872.29 -55.1 128.461 -725.42 -131.3 15.159 129.12 2835.7
0.988 -32.406 641.16 90.9 -42.245 424.7 91.8 -203.492 430.45 90.4 118.998 418.95 93.2 -434.862 503.9 138.1 377.458 493.43 92.2 -336.522 650.97 -94.1 227.278 676.32 -75.6 -50.295 196.64 82.3 -163.812 -27.66 71.8 47.125 -35.18 73.6 -5.536 -452.69 16.2 70.755 -334.68 -237.9 -17.4734 -874.39 -58.5 123.488 -757.69 -138 16.572 144.27 2841.3
0.996 -27.4562 649.13 109.3 -39.418 432.54 97 -200.623 439.79 97.3 121.787 425.28 96.6 -435.623 510.97 133.6 379.537 504.16 87.2 -334.353 676.01 -90.2 233.567 703.54 -67.2 -49.698 205.22 77.8 -165.383 -17.34 58.9 45.431 -26.84 58.4 6.431 -438.84 24.2 82.797 -365.81 -225.5 -13.784 -880.1 -67.7 128.667 -786.31 -144 18.423 147.15 2844.1
1.004 -25.586 651.11 128.5 -39.06 437.01 100.3 -200.194 445.4 103 122.076 428.61 97.6 -435.114 518.83 128.3 382.456 509.81 76.7 -320.904 701.13 -76.5 231.326 725.93 -48.5 -51.335 211.09 70.1 -168.984 -9.33 41.7 41.762 -20.31 38.2 5.551 -430.85 18.4 79.746 -404.52 -180.2 -19.7592 -888.19 -80.2 120.896 -809.84 -147.6 21.444 147.29 2847
1.012 -18.5511 650.99 124 -35.027 437.23 95.7 -195.998 447.59 100.4 125.952 426.87 91.1 -434.098 522.04 120.2 383.692 510.51 72.9 -296.488 719.63 -52.3 230.812 742.23 -21.1 -50.471 211.44 64.5 -171.188 -7.57 36.4 39.355 -21.13 30.2 4.421 -429.23 30.3 83.942 -436.55 -121.2 -22.9446 -895.53 -76.3 116.722 -829.26 -132.5 23.758 148.53 2850.5
1.02 -17.775 654.08 123.2 -33.3857 440.48 93.3 -194.39 449.88 99.4 127.62 431.08 87.3 -430.01 513.79 108.5 384.38 518.02 65.4 -274.34 730.51 -11.7 224.91 757.32 11.9 -47.825 214.88 59.5 -167.54 -4.58 29.7 43.014 -16.87 21.8 8.224 -426.5 23.5 79.65 -451.06 -82.4 -21.2605 -898.52 -83.6 116.7 -836.85 -132.7 27.83 142 2850.8
1.028 -17.897 656.02 124.1 -33.1638 441.95 92.8 -194.222 451.09 98 127.898 432.8 87.6 -430.132 507 98.5 381.068 519.12 58.9 -249.762 725.89 41.5 209.478 754.43 57.2 -47.122 216.58 56.9 -166.392 -2.81 24.5 44.236 -14.77 17.6 5.495 -426.44 15.8 69.688 -460.37 -41.4 -27.7341 -893.23 -81.3 106.788 -844.2 -128.9 35.042 136.89 2849.7
1.036 -12.766 661.69 137.9 -30.2571 447.76 99 -191.214 458.08 105.1 130.706 437.43 92.8 -429.184 480.59 97.8 379.416 511.62 54 -238.284 706.25 77.5 200.246 739.53 93.9 -46.2346 223.64 56.9 -167.474 6.28 18.9 43.045 -7.23 10.9 5.149 -417.19 14.7 60.996 -458.55 -26.3 -39.1403 -880.3 -80.3 94.456 -842.99 -134.4 39.624 138.87 2847.8
1.052 -6.848 671.63 149.7 -25.622 458.41 106.1 -186.533 469.8 111.6 135.287 447.03 100.5 -431.103 468.95 108.4 374.697 504.48 51 -233.153 697.02 90.3 186.597 721.54 126.7 -43.0076 235.12 60.2 -165.623 19.27 18 44.833 4.38 10.7 10.205 -402.87 21.1 58.297 -449.95 -9.3 -40.7753 -880.61 -76.8 93.527 -849.09 -129 42.333 131.77 2842.9
1.066 -1.226 674.31 143.3 -20.276 461.57 105 -181.214 473.13 109.5 140.656 450.02 100.4 -427.694 451.15 115.8 398.306 470.3 38.4 -236.564 690.18 87.5 210.956 693.04 117.5 -37.5731 237.66 62.1 -160.114 21.31 22.1 50.371 6.19 16.1 11.48 -402.61 21.3 56.776 -449.69 7.6 -40.8344 -883.61 -68.3 93.876 -855.37 -119.5 44.804 130.72 2839.3
1.082 -0.32 665.97 141.3 -17.077 452.99 103.8 -178.066 463.76 108.4 143.914 442.23 99.2 -425.316 451.55 110.3 403.184 454.64 44.6 -238.136 699.25 98.2 218.394 681.26 111.8 -33.27 228.94 61 -154.736 11.93 21.2 55.814 -2.14 15.2 9.33 -414.1 1.8 58.534 -458.8 12.2 -43.4283 -893.53 -72.5 87.484 -864.77 -119.7 46.856 134.88 2836.8
1.098 2.805 667.42 141.7 -16.248 453.44 104.6 -177.114 465.98 108.6 144.626 440.91 100.5 -430.774 456.49 119.9 397.476 462.03 43.6 -238.684 700.22 82.1 209.836 687.09 108.7 -34.776 229.52 62 -158.504 13.79 22.1 51.906 -2.61 16.8 -2.204 -415.03 -2.6 47.393 -459.56 18.2 -54.6066 -882.25 -68.5 76.166 -862.69 -113 52.544 136.23 2834.1
1.111 5.02 668.31 155.1 -15.09 454.83 110.9 -175.81 468.4 116.9 145.63 441.27 104.9 -431.14 448 124 393.98 468.23 44.9 -246.99 698.09 71.6 209.69 695.12 110.7 -35.645 231.96 64.2 -161.31 17.95 21.4 48.91 0.21 13.5 -6.874 -410.71 -15.2 46.49 -456.91 19.9 -59.3419 -883.68 -71.2 69.93 -859.59 -114.2 57.01 142.38 2832
1.119 6.069 664.28 152.2 -11.831 451.48 110.1 -172.702 463.44 115.5 149.038 439.51 104.7 -419.452 453.46 129.4 397.608 483.08 48.8 -264.782 716.91 59 224.498 720.23 96.3 -29.992 228.19 64.3 -153.349 12.72 22 57.048 -2.93 14.9 -1.483 -415.26 -29.4 52.968 -458.9 42.3 -53.0342 -898.91 -70.1 78.888 -872.63 -112.1 58.382 136.73 2828.1
1.128 8.67 662.01 150.5 -10.674 447.53 111.4 -171.527 459.73 117.1 150.173 435.34 105.7 -415.627 454.3 135.3 403.903 487.11 54.5 -282.847 719.55 39.2 236.213 730.25 71.7 -29.158 223.67 68.6 -152.824 7.78 29.5 57.543 -8.17 22 -17.729 -423.69 -35.1 47.103 -464.49 45.9 -63.3386 -887.82 -62 67.493 -873.51 -104.2 61.597 146.29 2826.5
1.136 3.912 655.01 128.2 -13.264 439.93 104.6 -174.148 452.16 109.4 147.612 427.7 99.9 -414.178 469.91 139.3 409.592 495.27 58.9 -307.008 731.05 12.3 255.922 745.8 45.2 -31.347 214.51 72.2 -154.637 -2.91 42.9 55.772 -18.9 36.7 -23.755 -431.23 -45.2 43.522 -475.47 58 -68.6476 -900.55 -56.2 63.822 -888.79 -96.5 65.628 144.41 2823.1
1.144 7.837 651.07 128 -11.803 435.26 106.4 -172.523 448.23 113.4 148.927 422.3 99.3 -409.623 480.03 133.3 412.267 495.73 61.1 -325.403 733.37 -15.9 285.587 750.69 0.7 -31.326 209.51 76.4 -155.965 -7.77 51.1 54.267 -24.73 41.9 -32.524 -431.92 -62.5 38.867 -481.3 42 -69.5444 -896.05 -56.4 59.487 -880.15 -102.7 66.363 153.12 2821.9
1.152 7.696 652.88 130.2 -13.342 436.76 108.4 -173.95 450.55 116.5 147.27 422.97 100.2 -414.71 495.76 137.1 414.23 500.62 68 -351.75 725.72 -48.4 313.11 753.42 -31.8 -34.175 210.87 79.9 -160.037 -6 56.7 50.02 -24.04 46 -34.266 -422.24 -81 36.32 -480.82 38.1 -75.2566 -893.75 -63.1 55.19 -883.37 -103.2 70.59 153.81 2819.5
1.16 7.102 661.58 122.8 -13.793 445.83 108.4 -174.428 459.74 116 146.842 431.92 100.8 -417.398 515 146.9 416.572 516.42 75.8 -379.938 715.11 -68.5 341.202 760.11 -61.9 -34.518 219.37 84.9 -160.284 2.01 66.2 49.802 -16.18 56.3 -42.025 -407.96 -94.8 38.832 -473.23 48.6 -76.747 -887.49 -61.3 56.082 -876.42 -96.9 71.828 140.79 2814.9
1.168 8.944 657.08 107.4 -12.867 441.97 105 -173.383 457.67 111.2 147.653 426.27 98.8 -410.317 534.05 165.2 414.663 516.7 88.6 -390.637 686.95 -74.8 361.293 740.38 -86.5 -35.654 215.12 89.6 -163.417 -1.47 78.3 46.533 -22.01 70.1 -60.682 -404.72 -107.6 50.653 -477.53 40.1 -84.4043 -879.11 -62.1 51.853 -877.85 -89.9 75.997 135.88 2812.2
1.184 3.665 666.34 103.2 -15.414 449.63 106.5 -176.037 464.3 112.6 145.209 434.96 100.3 -409.701 549.37 179.3 419.789 517.7 101 -389.691 653.04 -79.8 365.159 713.94 -104.4 -36.545 222.28 96.8 -162.711 4.52 91.2 47.359 -14.67 83.2 -78.8281 -384.1 -129.3 65.619 -467.29 29.6 -89.4807 -862.31 -66.3 51.349 -859.18 -88.6 79.541 127.09 2808.4
1.197 5.152 670.14 104.6 -12.356 453.68 110.1 -173.123 466.97 115.6 148.405 440.38 104.6 -396.775 576.02 202.3 416.975 522.17 113.2 -353.855 617.85 -62.6 363.725 689.35 -115.2 -31.38 225.96 104.4 -155.536 6.93 102.2 54.735 -10.45 95.1 -95.425 -358.3 -158.9 77.195 -460.76 24 -90.454 -850.38 -76.4 54.085 -850.19 -82.2 78.185 120.22 2805
1.214 10.906 671.15 107.3 -6.911 454.38 113.8 -167.766 467.07 118 153.946 441.69 109.7 -383.924 576.39 212.4 423.946 511.46 126.8 -307.574 603 -41 348.196 667.94 -93.9 -25.009 226.49 109.2 -148.298 6.91 107.3 62.086 -9.69 101.9 -113.97 -352.55 -205.7 83.076 -457.32 14.2 -90.485 -841.09 -88.4 55.806 -844.62 -81.5 77.624 113.73 2800.3
1.229 9.268 657.5 98.7 -6.656 441.52 113.2 -167.648 452.68 115.9 154.34 430.35 110.5 -388.86 547.61 221.9 429.58 500.11 130.2 -269.21 590.33 -15.3 316.12 646.93 -78.9 -22.448 213.47 114.5 -143.526 -7.27 117.6 67.05 -21.87 114.1 -133.858 -348.06 -233.9 84.27 -466.99 12.9 -99.615 -831.33 -102.8 55.66 -849 -72.3 77.68 117.97 2796.9
1.237 11.274 629.39 83.1 -3.745 415.46 109.5 -164.76 426.61 110.9 157.266 404.31 108.1 -393.164 516.2 225.4 429.046 480.4 129 -241.824 585.2 7.9 282.306 624.87 -58.2 -19.437 187.69 119 -140.422 -32.787 129.4 70.166 -47.371 127.6 -146.055 -340.06 -258.6 80.026 -489.75 13.8 -108.933 -815.69 -129.5 50.636 -864.03 -68 79.044 132.62 2795
1.245 9.147 613.96 75.3 -4.857 400.84 108.1 -165.88 411.94 109.8 156.161 389.74 106.4 -396.509 498.59 213.7 433.101 468.2 129.5 -224.269 597.16 21.3 258.041 618.44 -26.6 -20.396 173.26 122.5 -141.231 -47.052 138 69.361 -61.57 135.8 -156.554 -310.66 -279.1 71.771 -494.98 -6.3 -117.493 -784.47 -156.1 46.781 -868.11 -70.1 81.949 139.81 2792
1.259 10.305 599.44 74.8 -3.441 386.78 109.3 -164.455 397.94 111.6 157.572 375.63 107 -390.948 486.23 202.8 431.852 448.54 128.2 -226.318 624.17 21.8 247.242 609.52 -15.6 -18.952 159.33 126.4 -139.757 -60.826 145.1 70.832 -75.416 142 -163.826 -282.47 -294.8 68.622 -502.14 -19.6 -118.296 -753.38 -175.3 46.322 -871.8 -67.4 82.178 149.47 2788.6
1.268 11.221 582.54 76.3 -1.579 370.07 110.4 -162.566 381.29 113.9 159.411 358.85 106.9 -384.239 477.35 193 431.161 435.51 121.7 -237.739 643.12 15 250.491 612.9 -15.5 -17.034 142.67 128.8 -137.768 -77.398 149.4 72.791 -92.076 144.9 -166.371 -264.49 -304.7 68.121 -515.04 -27.4 -111.106 -729.94 -188.4 45.181 -880.2 -68.6 81.359 162.5 2785.2
1.28 11.882 563.46 64.9 -2.075 352.7 107 -163.058 364.04 110.5 158.911 341.36 103.6 -384.069 462.99 178 428.631 421.57 105.8 -281.719 666.55 11.7 256.971 617.92 -23.2 -17.482 126.12 132.9 -138.162 -93.039 161 72.381 -107.87 156.5 -167.851 -247.865 -301.8 62.871 -529.69 -19.2 -109.218 -704.09 -189.7 41.431 -899.83 -56 83.629 176.93 2784.1
1.288 12.297 551.23 61.1 -0.72 341.22 107.7 -161.628 352.75 113 160.185 329.7 102.3 -394.245 455.74 162.3 428.615 419.07 88.3 -330.635 679.98 1.9 287.255 638.81 -42 -15.9 115.17 138.1 -136.312 -103.34 172.1 74.155 -118.414 165.1 -169.324 -230.092 -309.2 54.375 -539.19 -12.4 -104.007 -679.21 -202.1 42.235 -905.74 -59.2 84.045 183.7 2781.2
1.296 14.867 536.98 55 2.621 328.69 108.6 -158.274 340.27 114.4 163.521 317.1 102.9 -397.189 444.2 153.4 431.741 412.38 75.8 -392.939 680.8 -2.3 329.341 649.01 -60.2 -12.27 103.57 145.3 -132.374 -113.961 185.8 78.051 -129.112 178.3 -166.415 -214.762 -304 52.251 -544.43 -10.8 -99.257 -660.82 -207.5 44.381 -915.52 -54.9 81.599 189.01 2775.4
1.305 16.256 537.78 61 3.446 326.88 110.8 -157.322 339.29 118.1 164.211 314.48 103.6 -410.599 441.76 136.4 439.371 406.34 59.1 -452.839 679.36 -16.9 383.051 653.52 -89.3 -12.302 101.66 146.9 -133.189 -115.458 187.7 77.091 -131.684 178.2 -166.569 -197.23 -311.3 44.781 -538.86 -26.4 -99.99 -641.76 -222 42.181 -913.14 -63.4 82.299 186.35 2772.5
1.313 21.3 534.63 66.8 6.311 323.61 114.6 -154.377 336.69 122.5 167 310.52 106.7 -424.59 433.74 123.3 448.39 396.52 33.6 -507.31 664.98 -33.1 440.27 644.04 -125.5 -10.314 98.26 149.7 -132.019 -118.527 190 78.14 -135.642 179.7 -163.211 -193.279 -303.1 39.4 -542.99 -24 -95.921 -638.54 -220 41.64 -906.09 -58.5 81.44 182.82 2766.7
1.327 15.364 549.16 73.3 0.999 336.94 121.1 -159.784 349.67 127.4 161.784 324.2 114.8 -442.176 422.26 108.7 451.814 386.65 8.4 -562.286 634.21 -56.5 490.374 621.23 -165.5 -15.445 111.65 156.8 -137.036 -105.314 196.7 73.254 -121.969 188.5 -168.995 -183.535 -289.5 26.164 -525.45 -21.2 -98.35 -637.67 -206.4 36.614 -884.54 -44.7 86.596 167.52 2760.3
1.335 25.328 573.34 90 7.708 359.15 128.4 -152.941 373.22 135.3 168.358 345.07 121.6 -445.492 405.22 88.4 458.998 374.9 -10.7 -602.392 571.48 -89.8 543.628 569.98 -207.4 -10.855 133.16 157.5 -134.475 -83.614 191 75.638 -102.024 182.1 -168.804 -182.783 -296.7 22.858 -501.78 -33.4 -95.482 -648.85 -206.6 39.258 -861.77 -53.5 81.192 147.18 2757.1
1.353 29.207 599.28 107.1 11.759 383.74 135.6 -148.908 398.45 139.6 172.427 369.02 131.5 -442.493 386.6 72 459.767 357.55 -21.5 -631.513 492.07 -111.8 577.557 503.33 -240 -8.508 157.03 155.2 -133.855 -60.056 177.4 76.307 -79.306 172.1 -165.441 -189.1 -298.1 29.877 -486.64 -29.9 -92.78 -669.13 -200.6 43.227 -837.57 -54 78.913 125.04 2756.2
1.368 31.131 622.78 116.2 13.395 406.32 139.3 -147.296 421.14 142.3 174.091 391.49 136.2 -441.059 361.16 67.9 443.071 340.17 -24.9 -642.739 390.98 -125.4 591.591 412.24 -251.7 -7.317 179.13 152.1 -133.107 -38.355 166.9 77.051 -57.741 162.9 -161.193 -202.605 -288.4 34.461 -463.52 -43.3 -97.363 -692.12 -182.1 46.141 -818.48 -52.8 79.289 104.14 2755.2
1.381 33.536 648.591 118.8 14.048 428.991 138.9 -146.635 443.951 142.3 174.726 414.021 135.6 -424.284 333.701 66.8 429.786 309.201 -33 -624.324 275.581 -107.6 590.466 300.661 -261.6 -6.955 201.561 147.6 -133.03 -16.088 158.4 77.116 -35.66 154 -159.734 -221.519 -273.1 38.936 -447.529 -40.5 -101.319 -705.769 -160 42.406 -792.049 -52.3 80.394 91.449 2757.7
1.39 34.626 673.55 127.7 15.021 453.21 139.2 -145.64 468.09 143.7 175.686 438.32 134.7 -402.934 309.51 68 416.096 274.72 -37 -591.974 182.54 -86.4 573.826 195.2 -262.7 -6.05 225.7 139.4 -132.186 7.92 142.6 77.946 -11.546 136.6 -153.805 -236.76 -257.7 41.696 -428.45 -47.3 -106.597 -727.39 -147.6 40.746 -776.33 -61.7 81.464 74.09 2761.3
1.404 34.961 695.614 128.4 15.994 473.004 133.8 -144.664 488.064 137.9 176.651 457.944 129.6 -379.829 272.844 60.7 396.191 243.964 -35.7 -551.339 90.384 -66.3 539.271 91.514 -240.1 -5.489 245.604 127.3 -132.032 28.053 123.6 78.091 8.357 118.2 -155.408 -257.106 -251.3 39.271 -415.346 -48.3 -110.305 -737.916 -130.8 35.871 -764.706 -63.6 82.099 63.446 2767.4
1.421 35.347 714.882 135.3 16.672 491.982 129.2 -144.006 506.762 133.7 177.347 477.202 124.7 -355.283 245.652 60.7 365.717 218.192 -26.1 -503.843 21.115 -48.1 491.697 11.156 -205.4 -4.65 265.132 113.2 -131.045 47.952 100.2 79.107 28.616 94.3 -119.426 -294.788 -195.5 30.077 -403.098 -44.6 -106.614 -749.028 -120.1 32.997 -747.438 -70.7 81.413 51.508 2775.4
1.437 35.425 727.764 136.9 18.533 505.874 123.7 -142.226 519.084 129.5 179.295 492.664 117.8 -331.065 225.454 60.8 333.925 201.684 -6.6 -446.775 -32.381 -33 437.725 -47.0849 -160.5 -0.906 279.374 101 -125.48 61.504 82.2 84.795 44.23 74.5 -87.2661 -319.146 -152 23.395 -392.556 -41.2 -98.088 -758.186 -106 40.825 -743.526 -71.4 80.605 43.146 2780.7
1.453 30.523 739.936 135.2 12.518 519.156 116.6 -148.124 532.466 124.8 173.163 505.846 108.5 -308.347 215.786 67.9 309.153 198.366 10.7 -389.637 -70.208 -14 387.213 -79.288 -120.3 -7.558 293.026 90.2 -132.691 75.596 69.1 77.423 58.186 58.4 -83.5369 -333.444 -107.8 6.605 -383.084 -31.5 -106.914 -753.674 -90.1 34.343 -740.024 -76.9 81.087 35.034 2785.9
1.47 29.452 743.88 134.6 11.902 522.71 112.4 -148.779 536.16 119.7 172.582 509.26 105.1 -282.148 205.44 63.7 290.102 183.74 23.1 -338.798 -97.968 -2.4 334.652 -116.444 -90.1 -8.335 296.9 82.9 -133.644 79.89 58.2 76.502 62.3 48.7 -62.123 -345.25 -68.1 6.054 -382.19 -27.4 -97.563 -758.53 -82.9 42.672 -748.85 -78.7 79.528 36.96 2790.2
1.484 25.834 743.12 133.2 8.11 523.93 107 -152.581 536.36 115.7 168.804 511.51 98.3 -257.736 226.28 75 272.064 176.98 32.1 -298.806 -84.855 9.7 289.634 -137.61 -65.5 -11.106 298.49 74.1 -135.407 81.17 46.9 74.764 64.92 35.6 -53.009 -353.83 -41.9 7.076 -383.63 -9.1 -94.552 -768.58 -79.1 45.564 -752.3 -86.4 78.736 35.86 2793
1.495 23.268 748.933 130.4 6.783 526.983 103.3 -153.909 538.773 112.9 167.478 515.193 93.7 -242.372 232.553 79.6 254.258 182.093 45.4 -267.722 -80.727 5.4 249.028 -134.904 -40.3 -11.729 301.433 70.5 -135.324 83.603 43.9 74.838 68.183 31.3 -44.973 -357.007 -11.6 7.25 -382.077 19.4 -91.27 -771.377 -69.8 48.278 -756.087 -81.8 78.592 40.097 2796
1.506 21.464 753.223 127.6 6.926 533.423 99.7 -153.928 544.903 103.3 167.784 521.943 96.2 -229.206 246.083 85.4 242.074 204.053 54.3 -238.236 -65.641 -2.3 224.544 -114.788 -22.1 -9.929 307.963 65.3 -132.045 90.023 33.3 78.474 74.993 28.6 -35.083 -352.897 14 9.753 -376.117 27.7 -88.114 -772.647 -78.5 52.514 -759.527 -80.9 75.386 34.077 2797.9
1.517 23.03 757.057 126.4 9.373 537.047 98.4 -151.58 547.647 102.6 170.324 526.457 94.1 -223.606 250.637 89.2 237.604 210.707 60.2 -214.296 -58.018 -10.2 204.624 -108.449 -9 -6.374 311.407 64.6 -127.34 92.697 33.6 83.094 78.847 28 -26.581 -350.763 41 19.476 -373.543 26.2 -84.682 -777.383 -70.6 57.014 -757.823 -82.7 72.206 33.193 2798.6
1.526 21.32 763.771 124.8 10.831 544.121 96.6 -150.283 552.691 99.8 171.947 535.541 93.4 -218.563 254.711 83.8 235.537 213.101 66.9 -202.313 -53.695 -18.3 190.257 -102.028 -12.8 -1.867 318.411 62.1 -119.916 98.311 29.6 90.787 87.091 25.4 -15.423 -343.929 60.9 35.327 -366.329 35.4 -81.707 -775.579 -77.5 63.307 -751.239 -84.7 69.213 30.229 2801
