0 27.522 756.644 58.4 14.402 538.724 61.1 -145.869 547.894 44.2 174.673 529.554 77.9 -226.677 242.694 55.7 229.343 222.644 81.1 -191.207 -66.997 -24 214.813 -93.404 23.5 1.808 310.504 56.7 -115.594 88.284 41.3 94.023 76.294 63.4 -27.303 -359.216 71.9 51.453 -378.656 60.8 -99.354 -791.356 -91.1 51.013 -771.366 -55.3 50.057 41.826 2786.3
0.013 26.262 751.246 55.8 12.224 532.366 61.4 -147.739 541.786 42.1 172.187 522.956 80.7 -236.913 231.196 53.1 228.047 212.326 75.3 -212.093 -80.662 -22.5 227.777 -102.647 11.8 -1.026 304.116 59.8 -118.895 82.026 45.7 90.337 69.706 70.9 -28.419 -365.704 59 44.771 -384.624 53.6 -104.396 -793.394 -88.6 47.977 -773.974 -54 52.953 47.674 2783.3
0.02 24.051 741.431 47.5 9.906 523.081 61.3 -149.903 532.731 40.8 169.711 513.431 81.8 -249.329 227.781 53.9 233.481 203.831 74 -242.209 -84.2 -23.9 258.781 -103.129 -11.7 -4.495 295.001 66.3 -123.4 73.231 57.8 85.611 60.611 84.6 -31.602 -374.379 55.4 34.893 -392.949 59.3 -107.466 -799.099 -76 44.201 -781.059 -43.3 56.369 56.409 2779.3
0.028 24.779 734.183 46.1 9.768 515.623 63.7 -149.847 525.363 41.8 169.385 505.873 85.6 -270.395 216.983 50 249.515 176.983 68 -295.745 -90.983 -32.3 309.845 -112.866 -48.2 -5.392 287.693 72.8 -124.931 66.133 67.5 83.825 53.393 96.2 -32.266 -379.727 37.8 34.375 -398.407 50.4 -109.37 -806.317 -73.5 40.311 -783.787 -43 57.895 66.627 2774.1
0.035 20.357 726.334 47.6 4.936 507.514 66.1 -154.461 517.254 42.7 164.33 497.774 89.6 -285.65 219.924 51.8 270.81 173.914 60.3 -357.44 -70.1508 -45.7 366.62 -96.087 -84.9 -10.546 279.624 76.7 -130.265 58.104 72 78.21 45.364 102.7 -40.226 -384.636 11.4 26.49 -403.436 36.2 -115.446 -813.556 -71.1 34.735 -795.236 -42.3 62.89 64.886 2769.3
0.043 23.976 712.049 30.8 6.983 495.239 64.1 -152.638 505.229 42.3 166.6 485.239 85.8 -304.39 226.739 48.1 301.84 179.819 52.9 -404.08 -42.833 -69.6 428.84 -58.3433 -123.5 -10.227 268.569 86.2 -131.822 48.449 94.1 76.95 35.374 122.5 -48.608 -390.301 3.8 26.179 -413.051 50.5 -117.549 -807.991 -51.4 34.48 -791.681 -20.7 61.57 61.621 2762.4
0.05 25.656 693.922 15.4 6.572 480.732 62.9 -153.211 490.952 42.5 166.352 470.522 83.4 -320.608 232.382 43.8 330.012 191.992 43.7 -449.938 -10.271 -91.8 489.302 -11.418 -148.6 -12.175 255.862 97.1 -135.41 37.672 117.9 73.562 24.316 144.6 -62.7155 -390.118 -16.2 33.242 -420.138 48.8 -119.775 -799.138 -47.2 32.804 -789.048 -12.5 63.248 65.758 2755
0.059 31.18 675.638 4.1 10.666 465.388 62.7 -149.054 476.208 42 170.385 454.558 83.4 -339.985 235.618 42 362.335 201.908 32.4 -486.405 17.419 -116.5 538.555 39.658 -183.1 -10.238 242.628 107.6 -135.587 26.949 139 73.305 12.795 166 -100.474 -389.212 -34.8 49.545 -425.752 43.9 -123.782 -797.882 -52.2 35.319 -795.942 -10.2 63.795 72.462 2745.9
0.067 37.508 655.15 -7.2 15.88 451.55 61.1 -143.181 462.8 36.4 174.938 440.3 85.9 -352.332 254.95 39.9 386.308 223.87 34.6 -518.662 53.73 -124.3 580.408 112.31 -197.5 -8.499 232.04 118.1 -136.927 19.878 158.9 71.168 5.164 191.2 -132.81 -376.52 -57.2 55.158 -425.83 43.7 -130.806 -797.73 -58.2 30.492 -796.43 -0.5 64.592 67.71 2737
0.075 41.24 630.589 -27.1 18.64 435.469 56.3 -140.087 445.579 29 177.37 425.359 83.6 -360.43 261.589 37.1 406.86 244.869 34.6 -539.73 84.459 -138.5 610.08 174.899 -209.5 -7.487 221.139 128.9 -137.409 13.41 183.7 70.18 0.188 219.3 -157.973 -361.381 -67.9 60.48 -426.231 57.2 -141.285 -786.211 -62.2 32.812 -787.941 6.3 64.43 63.351 2727.8
0.084 50.892 606.752 -40.3 25.315 417.692 54.5 -133.076 426.802 25 183.702 408.572 84.1 -365.908 264.172 32.5 427.722 263.662 27.8 -560.418 108.792 -143.3 634.892 235.832 -224.3 -2.792 208.772 140.8 -134.473 5.809 207.8 72.682 -6.113 246.4 -179.028 -339.268 -80.1 71.812 -419.428 54.6 -153.429 -772.428 -73.2 36.377 -790.358 11.8 61.298 56.388 2716.9
0.092 58.978 582.41 -42.4 32.534 396.13 55.6 -125.824 406.23 26.1 190.888 386.02 85.1 -366.602 271.64 29.3 439.718 279.39 28.9 -575.882 134.13 -139.4 648.788 305.52 -219.7 2.067 190.06 148.6 -131.947 -9.392 222.3 75.148 -22.611 260.9 -204.912 -298.22 -116.6 80.668 -421.42 41.1 -177.112 -751.8 -88.7 39.933 -790.3 6.9 55.802 44.65 2707
0.111 71.412 551.037 -60.9 39.207 372.707 50.3 -118.964 384.207 20.3 197.382 361.217 80.3 -365.498 270.427 23.7 450.682 289.257 23.4 -587.188 151.087 -133.8 650.552 375.967 -215.4 4.454 174.877 157.7 -133.732 -15.442 245.5 73.132 -30.4802 284.7 -225.158 -250.023 -112.4 81.812 -419.713 47.4 -213.758 -703.313 -80.4 42.054 -771.733 24 52.588 33.253 2699.5
0.125 86.824 527.245 -75.2 51.927 351.355 44.8 -106.248 363.235 14.9 210.104 339.485 74.7 -354.846 258.715 17.8 465.244 294.135 14.2 -585.006 151.025 -130 643.124 438.795 -202.7 15.594 158.095 160.3 -124.171 -27.393 256.2 82.694 -42.926 295.3 -227.826 -227.365 -123.6 98.184 -417.105 35.4 -237.126 -684.505 -92.6 56.914 -762.835 15.6 44.396 25.135 2690.8
0.137 101.885 505.494 -78 70.745 329.974 44.2 -87.708 339.224 14.9 229.205 320.714 73.4 -342.785 255.094 9.7 485.255 305.314 15.4 -582.055 154.244 -129.2 617.075 509.654 -171.8 37.507 138.254 163.7 -98.691 -47.4409 264.1 107.225 -59.4669 302.1 -218.605 -213.126 -116.8 118.045 -425.836 30.4 -254.255 -674.696 -89.8 79.505 -761.556 16.7 31.055 8.8359 2684.1
0.149 117.685 495.976 -81.6 84.035 319.216 39.2 -73.888 329.456 7.5 241.955 308.966 70.8 -336.665 239.016 -5 501.855 315.606 22.8 -586.125 150.096 -134.7 569.895 558.166 -145.8 47.486 128.646 159.8 -92.009 -55.2486 259.9 113.895 -68.6086 301.1 -236.045 -192.164 -113.2 107.585 -421.404 12.3 -298.875 -646.954 -94.7 75.138 -740.384 13.7 22.295 -6.5464 2679.4
0.169 134.31 486.335 -87.8 101.13 309.805 34.1 -56.405 317.975 0.1 258.66 301.635 68.1 -324.29 223.825 -16.3 521.96 323.095 36.6 -582.06 140.875 -134.2 522 579.905 -121.3 64.899 120.022 156.3 -74.193 -64.424 256.3 131.53 -75.098 300.7 -232.82 -192.875 -91.4 118.35 -358.655 -2.1 -322.73 -635.775 -93.7 97.13 -722.645 16.5 10.09 -21.075 2675
0.182 149.749 478.216 -98.5 115.779 301.076 25.6 -40.8991 306.366 -12.4 272.459 295.786 63.7 -313.951 204.646 -22.6 522.679 325.756 47.9 -576.841 118.277 -127.3 455.109 574.216 -101.6 79.3619 112.249 149.3 -59.4681 -73.124 248.1 145.359 -80.034 297.9 -258.791 -271.704 -66.6 120.759 -320.734 -12.5 -358.481 -623.184 -102.5 104.649 -706.724 17.4 -0.17893 -28.256 2672.4
0.193 156.988 483.39 -95 129.348 303.4 23.9 -26.6673 303.64 -16.9 285.358 303.17 64.7 -301.952 206.88 -32.8 528.378 362.47 63.9 -571.682 122.99 -125.9 414.208 577.46 -103.1 97.0857 112.889 146.1 -37.1963 -77.47 241.6 166.848 -77.78 295 -268.292 -312.01 -45.1 131.738 -298.43 -24 -386.612 -623.87 -112.1 123.678 -692.43 16.4 -9.5877 -52.17 2673.3
0.202 167.687 472.336 -97.5 141.807 297.176 23.2 -13.326 293.226 -20.6 296.937 301.136 67.1 -289.843 200.276 -37.7 535.807 391.016 83.2 -561.793 113.897 -124.8 395.627 555.956 -107.6 111.089 108.676 148.9 -21.063 -82.414 245.9 181.807 -77.244 303.3 -285.363 -324.854 -18 131.577 -278.284 -29.6 -421.363 -611.704 -114.7 129.047 -668.284 26.2 -21.477 -70.376 2673.4
0.21 172.638 481.776 -96.9 148.498 304.886 21.9 -6.164 297.226 -23.3 303.158 312.546 67 -284.332 200.096 -46.3 542.488 405.466 98.1 -558.422 105.461 -118.6 389.188 535.926 -109.4 121.046 116.122 148 -7.513 -77.644 244.5 194.708 -67.634 303.6 -288.412 -326.354 -5.4 135.438 -252.554 -45.3 -439.942 -596.324 -128.6 138.668 -641.554 15.5 -29.828 -92.626 2674.7
0.218 177.129 492.36 -98.5 155.539 313.79 18 1.796 302.98 -29.6 309.279 324.6 65.6 -272.851 197.131 -49.5 543.069 429.33 112.2 -546.541 101.544 -120.3 400.789 511.71 -115.1 129.896 124.523 143.7 3.731 -71.81 238.3 204.779 -57.68 300.6 -287.921 -333.39 10.3 134.414 -229.2 -58.3 -449.891 -581.79 -136.3 143.029 -617.2 7.6 -38.729 -108.89 2676.7
0.226 175.801 495.67 -101.5 156.131 316.94 15.2 3.624 302.64 -35.3 308.641 331.23 65.7 -269.729 193.5 -54.8 533.731 449.58 128.1 -542.569 88.831 -119 430.491 499.23 -125.3 131.741 128.318 142.2 7.612 -69.65 236.2 207.091 -50.95 302.2 -283.259 -352.04 31.1 130.285 -216.79 -60.9 -460.379 -581.09 -132.1 143.591 -606.29 9.1 -43.081 -120.36 2677.9
0.235 168.015 493 -102.6 150.955 313.71 13.7 -0.707 296.24 -38.4 302.615 331.17 65.8 -271.165 183.461 -56 526.075 456.51 125.9 -543.585 70.511 -107.4 463.605 493.1 -146.4 129.035 124.819 140.8 7.954 -75.49 233.7 206.285 -52.65 301.9 -274.745 -381.16 51.1 127.429 -219.05 -65.7 -472.565 -586.56 -133.5 145.085 -603.8 5.8 -41.745 -123.38 2678.6
0.253 160.433 483.75 -105.6 144.813 305.56 13.1 -6.145 285.85 -40.3 295.763 325.27 66.6 -274.327 172.454 -58.6 525.783 455.46 112.9 -546.277 55.093 -100 479.163 504.46 -164.8 123.306 118.452 142.8 3.104 -81.54 237.6 200.503 -55.77 307.5 -276.497 -404.53 81.1 119.027 -217.61 -62.8 -493.587 -589.22 -131.3 137.854 -600.49 11.5 -41.143 -124.9 2681.4
0.268 151.749 475.18 -106.6 138.346 298.59 13.5 -12.284 276.34 -39.9 288.979 320.84 67 -279.611 165.914 -56.9 521.939 454.42 103.9 -549.361 44.666 -92.4 476.429 528.83 -172.1 119.014 112.794 145.4 1.188 -87.55 242.4 198.179 -58.45 312.3 -274.261 -420.01 95.7 119.86 -217.23 -67.5 -503.971 -592.38 -137.4 141.274 -601.66 6.2 -42.139 -126.13 2681.8
0.28 144.562 476.13 -109.9 133.27 298.06 9.2 -17.37 274.12 -43.5 283.912 322.01 61.9 -281.558 157.386 -59.8 523.212 441.63 94 -549.458 33.432 -84.2 456.262 546.36 -166.4 116.785 111.845 140.9 1.801 -90.03 238.1 198.802 -58.72 307.1 -271.578 -423.49 87.7 120.794 -211.87 -78.9 -506.828 -589.49 -147 145.502 -599.59 -3.6 -43.312 -124.99 2684.3
0.288 140.075 480.91 -99.3 130.432 296.01 12.7 -20.977 273.38 -38.4 281.839 318.64 63.8 -285.611 151.812 -55.1 521.779 424.37 85.4 -552.151 27.256 -82.3 417.139 551.39 -140.4 116.589 105.465 138.1 3.736 -99.88 230.2 201.759 -70.28 297 -269.671 -433.76 79.6 122.779 -222.44 -83.8 -507.041 -600.43 -150.7 149.629 -612.3 -10.2 -43.379 -120.09 2682.8
0.302 135.977 485.93 -96.9 129.583 297.98 10.5 -22.714 276.43 -38.3 281.879 319.53 59.4 -285.501 152.383 -50.6 512.689 415.1 93.7 -549.141 20.854 -79.5 376.889 555.53 -116.7 118.266 104.26 131.3 7.352 -103.55 220.1 206.549 -75.37 284 -270.901 -433.66 69.6 126.475 -219.95 -84 -505.101 -600.84 -147.1 150.899 -606.38 -13.2 -45.039 -118 2684.9
0.31 133.365 481.03 -104.7 128.797 296.7 6.7 -23.804 272.93 -40.1 281.4 320.46 53.5 -283.71 154.785 -49.4 499.38 419.65 87.8 -547.71 26.862 -79.5 345.04 551.81 -110.2 121.306 103.781 129.1 14.016 -104.68 220.9 213.61 -73.59 282.1 -266.9 -433.94 73.2 135.31 -215.71 -77.4 -494.8 -600.22 -134.7 157.52 -602.42 -1.5 -44.55 -116.1 2690.5
0.319 127.763 487.41 -105.5 123.167 300.31 4.2 -29.627 276.09 -41.8 275.961 324.53 50.2 -285.939 157.925 -48.6 515.451 394.99 96.7 -546.099 29.982 -75.2 336.391 528.54 -88.5 117.508 106.349 125.1 11.943 -103.45 215.9 211.761 -71.78 276.1 -270.449 -429.76 64.5 128.793 -219.32 -84.8 -494.279 -597.22 -138.2 147.901 -601.18 -12.3 -38.201 -104.08 2694.2
0.327 115.173 495.639 -106.6 114.026 307.519 1.2 -39.264 283.009 -42.9 267.318 332.029 45.4 -288.712 166.727 -51.9 522.518 383.119 102.1 -546.472 30.435 -70.8 337.108 520.099 -81.3 110.863 112.439 120.5 7.457 -98.671 210.8 207.948 -66.611 268.6 -269.942 -433.251 68.9 124.926 -223.881 -85.3 -492.152 -604.901 -132.2 138.978 -611.311 -14.1 -32.368 -96.299 2699.2
0.335 114.587 503.365 -99 112.367 311.445 4.4 -41.143 288.025 -39.6 265.874 334.865 48.5 -287.636 166.73 -44 505.474 396.925 91.6 -548.246 38.16 -61.3 332.134 524.485 -100 109.572 113.794 119.3 6.394 -99.165 205.4 207.164 -68.535 263 -266.156 -437.005 61.6 124.369 -238.685 -88.6 -482.126 -618.075 -128.5 134.394 -625.405 -19.5 -29.914 -83.015 2701.6
0.343 107.357 507.642 -96.8 103.474 314.182 4.4 -50.129 291.992 -40 257.077 336.362 48.7 -298.133 155.428 -32.6 490.917 405.022 78.2 -559.243 30.559 -58.4 332.447 532.832 -124 99.818 115.023 116.6 -4.285 -98.638 199.9 196.607 -69.628 257.9 -277.373 -438.168 61 115.761 -246.608 -88.1 -480.463 -629.388 -122.1 122.777 -636.958 -21.5 -19.637 -63.072 2705.4
0.352 103.138 507.221 -101.7 100.369 316.211 1.9 -53.72 294.731 -41 254.461 337.691 44.9 -301.779 163.681 -24.4 492.251 411.981 64.5 -563.829 42.4159 -63.5 348.481 543.711 -144.9 96.917 116.849 113.9 -7.302 -96.559 197.8 194.231 -68.469 254 -274.279 -440.009 56.7 121.461 -257.039 -77.5 -464.229 -648.319 -112.5 120.471 -654.709 -24.7 -15.111 -51.001 2712.3
0.36 94.032 516.197 -98.2 95.431 324.347 1.4 -59.64 303.427 -38.1 250.506 345.267 40.8 -306.874 178.317 -19.9 492.646 432.887 54.1 -568.784 57.489 -68.4 372.836 558.427 -170.4 95.12 122.862 109.4 -6.622 -92.303 191.7 196.236 -64.943 243.3 -268.734 -437.963 46.9 126.226 -261.103 -82.6 -441.134 -658.983 -111.9 120.726 -665.943 -35.2 -13.126 -43.957 2719.3
0.368 81.3101 525.579 -88.2 84.2121 329.779 3.8 -72.0829 310.599 -31.3 240.508 348.959 38.9 -318.432 185.529 -15.9 478.838 441.179 38.7 -576.622 62.348 -66.5 392.238 567.119 -198.1 86.3011 125.456 106.3 -13.8499 -91.411 185.8 190.628 -66.319 231.7 -268.272 -448.311 56.7 121.638 -267.751 -79.2 -418.042 -670.221 -104 112.388 -678.171 -40.5 -5.1681 -29.299 2724
0.376 68.1732 532.757 -75.4 72.3602 332.137 7.9 -84.8218 314.847 -24.1 229.545 349.427 39.8 -335.585 181.657 -12.6 471.545 449.387 31.3 -594.295 69.96 -82.8 413.805 567.367 -226.8 75.5622 124.927 104.2 -24.0208 -93.603 179.7 181.555 -70.982 221.5 -273.815 -449.753 39.6 115.765 -283.553 -75.2 -389.395 -693.873 -92 102.645 -696.263 -41.4 5.2148 -11.997 2729.1
0.384 56.467 537.624 -74 65.164 336.884 7.2 -92.64 319.043 -21.2 222.963 354.724 35.6 -343.267 191.864 1.6 466.813 456.673 18.5 -594.177 75.2655 -89.1 444.023 563.144 -246.6 71.849 128.464 100.8 -24.658 -91.6205 175.9 181.723 -68.2885 213.1 -263.777 -454.397 34.1 118.853 -296.926 -71 -338.447 -710.976 -69.8 102.293 -702.286 -42.6 9.047 -1.5235 2735.1
0.392 43.025 540.867 -71.9 53.795 340.977 9.2 -104.485 323.207 -16.6 212.079 358.747 35.1 -353.261 196.217 10.2 455.779 468.617 13.1 -596.911 79.29 -99.1 470.319 549.417 -261.8 61.853 132.647 103.1 -33.583 -87.31 180 173.399 -64.075 213.8 -258.491 -457.113 33.6 110.609 -304.573 -62.1 -298.241 -717.603 -51.4 90.329 -706.753 -38.3 15.151 10.453 2739.2
0.4 31.754 541.774 -75.2 44.769 343.454 9.1 -113.7 324.734 -15 203.24 362.174 33.2 -363.39 204.094 20.6 443.13 476.294 14.1 -597.67 89.504 -114.6 490.44 540.504 -265.9 54.991 135.454 103.6 -38.406 -84.787 182.3 168.83 -60.305 213.8 -240.27 -463.926 27.8 112.25 -315.336 -62.1 -245.1 -733.646 -42.7 89.61 -715.926 -41.8 20.84 18.236 2744.6
0.407 9.326 544.094 -70.6 26.789 344.314 9.7 -131.934 324.434 -11.6 185.506 364.194 31 -384.234 206.224 25 426.526 482.274 6.2 -604.394 87.654 -130.9 497.926 514.784 -273 40.803 135.044 100.7 -48.982 -87.232 177.8 158.616 -61.226 205.6 -224.864 -472.856 9.7 105.426 -316.976 -58.7 -203.474 -748.036 -43.9 82.606 -724.776 -53 31.434 31.456 2750.1
0.416 -6.054 540.674 -70.9 16.501 342.214 10.5 -142.003 318.714 -8.3 175.007 365.704 29.3 -398.413 214.154 28.1 415.977 483.164 -0.3 -606.133 91.964 -142 498.757 493.654 -278.8 36.811 133.104 100.6 -46.5546 -91.37 178.3 160.797 -60.633 202.9 -188.933 -490.326 11.5 114.157 -390.386 -34.8 -156.023 -760.746 -32.9 86.617 -735.676 -50.9 37.003 42.186 2754.4
0.424 -20.022 553.918 -80.9 10.712 359.098 6.5 -146.631 328.168 -9.9 168.059 390.028 22.8 -406.401 229.988 33.8 410.289 496.508 -4.4 -602.601 109.368 -150.6 495.269 490.168 -281 41.497 153.048 100 -30.7092 -73.253 182.8 175.269 -32.7608 204.2 -157.011 -476.812 12 126.389 -405.842 -5.8 -98.688 -755.132 -14.1 92.429 -724.212 -50.7 37.691 37.682 2759.5
0.432 -36.0134 556.286 -80 1.001 362.866 7 -155.594 327.596 -8.3 157.596 398.126 22.2 -407.564 230.526 38.5 414.776 493.776 -3 -597.034 114.676 -154.8 483.506 467.776 -287.1 38.106 157.716 100.4 -27.161 -70.482 183.8 177.586 -24.375 203.8 -148.674 -477.284 15.6 120.166 -417.944 7.3 -78.482 -768.474 -8.1 79.686 -747.234 -59.2 41.214 45.324 2763.6
0.44 -43.1557 567.666 -92 -3.591 377.856 2.4 -159.483 339.276 -12.7 152.297 416.426 17.4 -403.553 239.826 41 422.117 503.946 0.2 -580.623 126.356 -163.8 467.747 461.926 -284.1 37.083 175.386 100.2 -24.153 -52.292 188.2 179.667 -1.853 207.8 -128.953 -465.044 23.1 124.877 -405.764 16.1 -62.299 -756.404 -1.6 75.317 -747.294 -60.2 40.863 38.604 2768.1
0.459 -55.469 564.979 -89.9 -8.261 377.249 3.5 -163.213 334.669 -10.5 146.687 419.819 17.6 -404.973 238.999 46.4 423.867 506.549 1.5 -561.273 126.499 -180.4 442.927 454.499 -284.9 38.626 175.049 99.1 -15.81 -54.987 185.5 186.837 0.695 203.9 -99.876 -474.571 26.5 135.087 -407.871 13 -43.0285 -770.431 -9.5 82.527 -761.311 -71.9 38.133 41.231 2772.2
0.474 -63.443 567.146 -90.2 -12.434 381.276 3.8 -166.466 335.396 -10.1 141.604 427.146 17.8 -402.876 246.256 51.6 412.044 507.036 2.6 -534.616 134.386 -189.4 403.474 446.856 -282.4 38.96 179.796 98.8 -10.362 -51.678 184.5 191.074 8.312 202.8 -76.431 -477.654 34.3 135.014 -400.564 9.7 -33.9631 -768.994 -11.5 84.224 -757.254 -73.7 33.456 35.364 2776.2
0.488 -70.708 581.3 -79.5 -17.326 393.59 9.8 -171.19 346.64 -2.9 136.54 440.54 22.4 -406.45 253.24 57.6 390.02 513.6 3.6 -507.01 143.87 -196.6 360.44 445.43 -279.6 36.871 191.3 101.4 -9.529 -41.68 184.8 191.66 19.711 201.4 -63.888 -468.08 30.3 138.64 -393.96 15.9 -27.7539 -760.41 -13.6 92.18 -743.8 -77.4 30.73 25.58 2776.8
0.499 -86.37 592.159 -87.4 -28.3876 406.779 6.8 -180.985 356.159 -6.8 124.215 457.389 20.3 -413.675 260.409 58.3 376.065 530.589 -5.2 -481.505 156.749 -203.2 311.625 452.179 -272.7 29.828 206.309 100 -11.762 -27.266 184.3 187.845 38.94 202 -66.259 -451.571 23.3 149.505 -375.261 13.5 -25.0066 -750.671 -13.2 103.475 -724.771 -74 29.795 14.011 2780.4
0.511 -102.708 596.351 -79.5 -41.849 412.381 12.6 -193.952 359.841 0.7 110.258 464.931 24.4 -423.622 246.931 62.1 356.748 529.011 -1.7 -455.802 163.291 -212.6 256.098 449.601 -257.7 19.932 212.671 105.2 -17.746 -21.3922 190 181.178 47.3258 205.5 -74.988 -446.089 30.6 166.808 -365.699 11.8 -24.3108 -744.899 -7.1 121.078 -721.339 -74.9 31.682 7.2792 2780.8
0.519 -116.844 600.151 -74 -59.029 414.661 16.2 -212.184 364.721 7.1 94.126 464.611 25.3 -428.934 236.471 73.5 342.756 534.471 -0.3 -430.504 169.551 -207.5 198.856 450.281 -237.3 1.37 213.171 105.8 -38.3956 -20.9808 189.5 161.936 44.3472 201.4 -93.317 -440.439 16.4 179.956 -361.249 -5.2 -42.5813 -741.739 -12 130.836 -719.619 -89.9 35.424 5.1488 2778.9
0.527 -131.566 609.427 -59.5 -75.37 417.357 22 -229.848 371.357 19 79.112 463.357 24.9 -429.178 227.037 82.9 328.222 520.847 -15.4 -406.878 172.787 -201.8 143.362 450.617 -220.5 -15.997 212.707 104.6 -57.731 -22.0451 185.3 144.482 38.1629 189.1 -96.374 -442.943 11.6 199.142 -360.603 -22.9 -43.8664 -741.143 -13.5 163.062 -718.013 -101.6 40.228 4.3331 2777.8
0.535 -147.926 613.685 -53.3 -95.294 420.555 23.5 -251.056 379.295 25.9 60.474 461.815 21.1 -421.226 220.685 90.1 307.504 512.005 -30 -380.986 182.705 -196 83.704 452.865 -200.8 -39.24 213.475 102.4 -85.085 -20.6055 182.8 118.714 33.3765 179.7 -110.507 -445.575 16.8 207.894 -364.745 -21.2 -57.064 -736.785 -12.2 194.734 -707.965 -101.5 46.146 0.55549 2777.8
0.548 -166.312 617.951 -51.4 -113.771 425.671 23.4 -269.892 386.461 31.5 42.354 464.871 15.3 -426.532 227.421 85 274.838 507.041 -49.5 -360.972 194.891 -197.2 24.344 452.651 -190 -57.6062 217.961 100.7 -103.527 -15.378 183.3 100.648 35.891 172.7 -108.213 -441.389 18.8 232.068 -356.749 -13.1 -52.7423 -731.749 -8.7 247.738 -690.999 -102.4 53.462 -10.791 2778.9
0.567 -183.479 626.302 -38 -130.276 430.332 29 -286.079 392.202 44.4 25.525 468.472 13.7 -420.519 218.192 76.9 238.711 494.842 -76.8 -335.019 194.122 -195.6 -33.088 446.712 -176.2 -72.024 221.412 101.3 -115.686 -12.456 183.5 88.141 37.433 163.5 -108.458 -437.598 16.3 257.251 -344.138 -14.9 -51.6416 -722.468 -11 296.521 -681.158 -115 57.849 -15.342 2776.5
0.581 -199.792 632.077 -30.3 -144.414 433.707 32.6 -299.802 395.487 52.3 10.969 471.927 13 -429.762 209.137 55.9 199.368 474.397 -93 -309.112 196.267 -194.7 -88.697 435.487 -159 -84.157 224.207 101.5 -125.458 -10.283 183.3 77.658 39.682 157.6 -110.148 -435.023 15.1 278.768 -331.763 -9.6 -55.5663 -719.983 -8.4 347.068 -675.653 -118.8 62.882 -18.197 2774.3
0.591 -215.854 641.815 -15.4 -158.899 441.905 37.4 -313.084 404.355 65.2 -4.717 479.465 9.6 -429.644 219.445 46.3 152.986 447.855 -113.6 -286.074 210.815 -198.2 -142.787 436.595 -158.3 -96.286 231.155 99.9 -134.57 -4.176 180.6 67.226 44.98 144.2 -115.246 -425.435 4.1 292.496 -317.715 -13.1 -59.863 -713.395 -10.2 394.856 -672.645 -134.3 71.514 -31.925 2772.7
0.599 -231.516 650.302 -5.8 -169.912 451.092 41.9 -322.886 411.272 73.5 -16.937 490.912 10.3 -418.676 215.052 37.8 104.144 436.722 -126.2 -266.196 216.682 -201 -192.296 430.792 -161 -102.836 240.932 101.8 -135.74 4.747 182.3 64.224 56.8 141 -114.595 -416.738 6.2 308.144 -303.778 8 -59.578 -701.388 -5.6 444.844 -655.818 -134.2 78.086 -44.292 2769.2
0.608 -239.548 653.231 -0.4 -176.281 453.711 46.1 -329.228 412.211 76.1 -23.33 495.201 16.1 -401.338 207.131 25.6 52.572 419.471 -133.9 -239.708 217.711 -208.9 -240.958 410.271 -168.8 -107.662 243.921 105.8 -139.008 7.011 185 60.922 61.254 145.8 -126.001 -415.609 10.9 317.582 -295.929 25.7 -68.692 -695.509 -1.3 478.722 -650.049 -127 80.548 -50.251 2767.4
0.622 -249.317 654.036 6.7 -184.362 456.346 53.2 -337.047 414.786 84.7 -31.68 497.906 21.6 -379.977 211.976 12.9 -18.022 407.146 -146.3 -214.567 226.396 -213.4 -306.887 394.566 -181.4 -114.834 247.216 114.2 -145.118 10.919 195.8 54.503 65.2552 154.6 -132.853 -404.254 5.2 322.213 -285.634 37.9 -76.2994 -685.364 5 506.563 -643.654 -122.9 86.087 -62.536 2763.6
0.641 -253.756 655.052 19 -188.316 454.342 59.4 -338.436 413.092 100.7 -38.193 495.592 18.1 -347.446 215.022 -8.1 -70.416 386.422 -164.3 -182.787 221.712 -229.2 -357.656 355.522 -196.1 -115.441 244.942 115.1 -140.911 8.533 197.9 55.774 62.5758 143.8 -127.718 -396.918 -11.9 333.524 -281.798 30.1 -74.2014 -681.618 -0.7 535.934 -639.598 -140 83.326 -60.282 2761.3
0.656 -256.594 657.125 27.5 -191.134 456.045 69.3 -337.924 418.305 122.7 -44.352 493.795 15.8 -327.554 223.365 -13.9 -117.494 372.955 -173.4 -160.561 208.025 -240.3 -403.474 324.685 -205.2 -117.677 246.245 122.8 -140.42 11.701 211.4 51.986 61.1815 141.3 -129.614 -385.495 -13.8 335.486 -286.305 58.6 -76.0525 -675.845 11.7 554.116 -644.775 -130.1 84.384 -64.975 2756.4
0.668 -253.823 657.452 35.2 -189.393 455.952 75.4 -333.573 421.072 137.5 -45.213 490.832 13.4 -312.293 234.882 -20.3 -162.215 370.092 -182 -136.046 207.632 -241.3 -442.333 293.962 -223.1 -116.431 245.362 126.6 -137.709 11.965 218.3 50.777 57.567 137.2 -130.742 -367.138 -34.8 335.717 -293.778 79.5 -73.8373 -669.878 7.8 569.747 -650.938 -124.7 83.613 -73.662 2752.6
0.676 -253.217 656.51 39 -189.147 454.8 76.6 -330.127 422.25 146.9 -48.17 487.35 6.3 -296.817 247.08 -34.1 -204.727 365.56 -186.4 -120.429 214.57 -241.1 -477.077 266.15 -242.5 -116.567 243.25 124.2 -136.147 10.426 217.8 48.173 52.984 125.9 -136.878 -321.48 -79.8 336.153 -298.69 84.4 -73.425 -664.85 3.5 574.393 -656.12 -119.9 83.857 -84.44 2751.2
0.685 -254.877 657.246 44.1 -189.457 454.936 78.6 -325.217 423.736 158.9 -53.705 486.136 -1.6 -293.617 259.326 -44.7 -236.027 364.506 -183.3 -100.097 222.976 -236.6 -496.957 242.536 -254.3 -114.397 243.656 123.5 -128.172 11.957 220.8 49.503 52.792 115.9 -129.207 -289.764 -101.5 339.633 -298.944 91.3 -68.981 -651.444 3.6 573.883 -652.864 -102.3 83.527 -95.026 2747.7
0.694 -251.128 656.61 59.7 -187.528 453.64 86.3 -317.238 424.36 176.4 -57.824 482.93 -3.8 -286.468 267.56 -44 -257.068 361.87 -179.3 -91.0742 235.87 -235.6 -510.958 227.24 -264.1 -112.777 241.07 124.8 -122.891 9.341 222.3 46.852 47.666 104.3 -130.409 -271.9 -112.8 330.272 -310.3 95.3 -66.296 -644.25 7.2 565.702 -653.61 -91.2 81.148 -102.34 2743.5
0.702 -253.293 657.73 64.4 -190.463 454.25 90.2 -316.543 426.65 186.2 -64.375 481.86 -5.9 -283.593 270.48 -40.8 -273.873 361.11 -179.9 -99.984 252.52 -246 -523.663 219.9 -274.3 -115.612 241.4 127.3 -123.101 10.525 227.1 41.567 46.579 101.6 -131.268 -256.47 -116.6 325.387 -311.57 101.1 -66.711 -636.65 16.5 565.787 -647.02 -73.7 84.893 -107.87 2743.5
0.71 -249.912 653.43 68.6 -188.732 449 93 -313.852 421.89 190.8 -63.604 476.11 -4.9 -279.802 264.22 -32.3 -276.432 356.5 -176.9 -103.976 258.11 -249.8 -522.242 211.05 -275.2 -115.431 235.17 127.4 -123.828 3.63 225.8 39.558 39.033 98 -136.414 -257.97 -129.8 327.068 -316.43 97.9 -71.135 -638.06 6.7 564.098 -645.34 -70.2 84.432 -105.9 2743.2
0.718 -255.52 655.54 56.6 -194.04 450.79 86.9 -321.94 424.82 181.5 -66.137 476.76 -7.8 -293.9 258.62 -32.2 -275.22 352.71 -180.5 -125.869 259.67 -260.7 -524.56 217.44 -280.1 -122.04 237.25 125.6 -133.642 6.738 226.1 33.55 40.685 102.4 -145.557 -244.44 -127.5 328.24 -308.87 99.6 -81.4179 -624.98 7.3 564.51 -637.8 -65.8 88.67 -102.95 2745.6
0.726 -252.507 644.892 61.3 -192.657 438.832 86.9 -322.357 411.212 178.6 -62.951 466.462 -4.9 -327.017 245.892 -50.9 -265.607 341.392 -187 -138.586 249.042 -272.2 -521.547 226.992 -285.5 -122.866 223.782 120.7 -137.868 -9.328 214.6 31.713 26.791 94.6 -144.028 -263.818 -139.9 332.263 -317.318 80.4 -83.458 -648.088 -8.5 566.523 -652.618 -88.4 88.367 -91.462 2747.5
0.734 -248.813 646.424 63.4 -189.373 439.634 83.9 -321.963 408.634 170.2 -56.782 470.624 -2.3 -358.053 240.174 -63 -245.633 338.564 -196.6 -155.937 237.784 -277.1 -507.213 247.974 -290.6 -120.399 223.544 112.3 -138.179 -12.833 197.1 35.327 27.729 84.2 -126.235 -331.466 -104.5 344.307 -307.786 56.9 -79.9931 -644.566 -13.7 576.187 -644.426 -106.4 88.093 -80.494 2748.3
0.742 -244.073 647.709 63.8 -185.863 440.569 81.5 -320.043 409.089 165.3 -51.686 472.049 -2.3 -356.453 244.469 -55.2 -214.253 337.729 -194.5 -177.582 224.979 -282.8 -480.093 280.559 -291.9 -119.603 223.149 105.9 -141.04 -14.842 185.1 34.357 26.308 75.6 -124.23 -377.541 -69.7 343.567 -308.421 39.8 -84.2641 -652.371 -8 571.837 -652.311 -123.1 85.013 -67.659 2748.8
0.75 -234.127 636.758 61.5 -177.947 430.318 77.1 -314.597 398.328 156.6 -41.298 462.308 -2.4 -353.187 244.418 -35.8 -178.607 343.618 -197.5 -211.777 217.958 -287.9 -441.157 313.838 -304.3 -114.075 211.888 99 -139.568 -27.464 172.9 39.163 14.376 69 -115.728 -417.362 -47.2 352.913 -313.852 17.7 -74.6571 -681.402 -1.4 566.623 -666.472 -135.6 77.017 -52.038 2751.6
0.758 -219.856 647.364 56 -166.984 438.714 68.5 -308.226 405.284 138.2 -25.737 472.144 -1.1 -367.126 248.524 -29.5 -144.867 346.724 -197.8 -248.026 218.514 -291.5 -399.456 356.384 -315.9 -104.997 219.574 89.1 -135.551 -21.462 155.2 49.534 22.34 64 -102.103 -430.586 -32.1 365.694 -302.566 5.5 -65.1171 -671.716 -8.9 553.254 -643.076 -141.5 69.606 -40.874 2756.8
0.777 -207.077 648.522 52.6 -152.722 441.132 67.8 -298.237 404.612 125.2 -7.208 477.652 10.3 -371.257 241.632 -17.4 -102.598 351.112 -194.5 -267.177 220.112 -288.9 -334.077 404.232 -333.1 -89.178 222.562 89.8 -120.985 -19.939 149.4 69.713 27.9219 74.1 -79.344 -437.328 -24.2 376.283 -307.148 23.3 -48.808 -686.558 0.2 533.143 -630.018 -130.2 59.417 -24.762 2761.1
0.792 -192.79 643.696 41.8 -142.826 435.166 67.3 -292.17 403.056 117.4 6.521 467.276 17.2 -390.25 243.876 -20.9 -55.4349 356.856 -193.7 -305.49 229.886 -301.2 -263.31 443.836 -353.5 -84.972 216.616 99.7 -124.606 -22.898 164.8 70.37 19.019 99.4 -91.554 -456.304 27.1 348.78 -334.494 18.9 -53.7108 -706.544 18.9 491.65 -639.844 -124.5 50.62 -7.886 2771.2
0.806 -169.511 631.271 38.4 -126.981 421.771 72.6 -279.801 394.861 114.6 25.84 448.691 30.5 -397.331 228.321 -13.6 5.571 361.161 -184.7 -339.301 240.911 -297.3 -179.581 470.671 -359.3 -77.477 202.451 112.1 -127.864 -34.476 179.1 71.919 0.713 124.1 -85.069 -467.549 40.9 324.869 -361.529 13.4 -46.719 -739.139 10 463.079 -639.349 -128.2 36.361 20.679 2774.7
0.814 -151.233 614.988 35.3 -111.708 405.428 76.9 -266.793 380.878 112.2 43.375 429.978 41.7 -414.493 230.658 -4.5 69.966 359.938 -168.1 -366.713 249.808 -291.2 -99.262 486.808 -354.1 -66.636 186.248 122.6 -122.873 -48.9706 191.2 79.747 -16.896 145.2 -63.612 -481.792 58.1 311.437 -377.782 -4.6 -26.1774 -770.292 7.7 437.737 -636.722 -126.8 22.383 48.872 2777.5
0.822 -132.307 591.156 29 -98.573 381.886 75.1 -254.737 361.336 109 57.593 402.446 41.3 -421.957 223.436 -1.7 130.263 346.576 -150.5 -394.497 270.286 -282.4 -8.6278 511.676 -332.4 -59.146 162.126 123.5 -121.717 -71.0579 194.1 82.283 -44.205 149.9 -51.828 -500.654 55.1 289.153 -338.674 -101.2 -17.4294 -807.414 -7 396.833 -637.414 -133.9 10.397 76.324 2784.2
0.83 -119.209 572.07 29.7 -89.4634 361.4 77.1 -246.329 344.6 110.3 67.4066 378.2 43.9 -429.089 227.68 13.6 174.521 340.26 -132.4 -416.509 294.65 -257.5 79.8186 532.78 -312.2 -55.3334 140.99 126.8 -123.719 -90.4019 198.3 81.3136 -68.447 154.9 -40.4414 -514.2 49.5 251.071 -241.32 -151.8 -8.9143 -835.89 -8.6 348.901 -609.19 -119.7 2.8094 100.2 2784.7
0.849 -101.724 553.28 28.2 -75.1395 343.22 77.5 -232.774 327.97 108 82.4975 358.46 46.9 -427.393 225.22 22.8 215.906 330 -126.7 -435.763 321.88 -240.6 158.626 549.26 -289.6 -43.9385 122.55 128.4 -115.784 -108.084 199.2 90.3035 -88.154 159.3 -21.2515 -528.61 47.4 229.396 -184.283 -180.1 7.88059 -858 -12.1 318.807 -579.22 -108.6 -7.2565 124.22 2787.3
0.864 -88.841 547.45 24.5 -68.383 338.71 77.5 -226.721 328.22 106.3 89.953 349.21 48.7 -430.661 236.52 20.1 248.489 335.4 -118.2 -456.381 372.87 -217.1 233.669 572.83 -267 -43.883 118.08 131.8 -122.941 -109.409 205 84.172 -95.683 167.3 -27.263 -527.51 46.8 187.729 -143.433 -193.2 2.4956 -866.1 -9.2 271.939 -547.9 -98.4 -11.169 127.2 2790
0.878 -76.063 535.12 8.1 -59.614 329.34 70.2 -217.957 323.17 100.2 98.732 335.5 40.1 -425.697 240.72 19.1 273.853 324.19 -110.1 -478.527 409.36 -189 297.173 577.22 -234.6 -39.681 109.76 130.2 -123.297 -113.839 209.9 83.795 -105.78 170.6 -21.597 -528.94 47.4 160.633 -109.638 -210.2 11.9873 -867.9 -13.4 246.233 -519.87 -97.8 -17.163 143.64 2795
0.89 -61.437 537.37 9.8 -50.21 329.47 69.6 -208.781 328.67 98.9 108.362 330.26 40.3 -427.951 248.26 22 305.349 317.02 -93 -480.741 451.91 -158.9 337.279 583.1 -194.2 -38.669 108.42 126 -130.841 -113.136 201.7 76.585 -112.101 163.3 -26.872 -525.57 33.7 129.819 -93.135 -238.1 9.181 -878.09 -34.9 214.119 -503.75 -108.4 -22.009 151.91 2797.5
0.898 -49.397 528.79 7.5 -43.504 319.48 66.9 -202.356 321.88 94.8 115.352 317.09 39 -426.736 252.63 27.8 323.924 308.03 -84.6 -469.416 487.17 -117.4 355.454 586.18 -157.2 -37.405 97.5 120.7 -135.166 -122.92 192.7 72.551 -126.052 156.3 -23.031 -530.32 18.1 116.444 -89.444 -248.4 16.9554 -900.28 -39.3 198.594 -502.25 -103.6 -23.244 166.44 2802.9
0.91 -38.834 530.53 3.4 -37.6 320.96 62.6 -196.793 325.89 88.3 121.59 316.03 36.9 -430.213 280.99 46.7 336.117 319.23 -69 -449.303 535.84 -71.2 342.937 605.65 -109.5 -36.25 98.2 113.6 -138.983 -121.337 181.5 69.187 -127.782 147.9 -22.861 -530.89 14.6 108.08 -87.95 -263.7 19.0835 -901.16 -46.1 181.157 -494.85 -107.8 -22.267 168.52 2808.1
0.926 -32.121 535.31 3.4 -33.113 326.34 63.1 -192.791 332.78 85.2 126.569 319.91 41 -432.471 306.33 68.3 344.199 330.49 -48.1 -412.461 565.28 -40.3 310.839 616.35 -63.2 -35.309 103.12 112.3 -141.931 -115.892 175.9 66.919 -124.311 147.1 -25.081 -525.42 9.2 98.588 -88.921 -278.1 19.1444 -903.23 -46.1 171.129 -499.37 -105.1 -20.749 171.4 2811.1
0.937 -30.707 541.71 10.4 -31.453 330.22 65.4 -191.688 336.01 83.1 128.782 324.42 47.7 -433.218 321.03 88.6 361.622 333.75 -23.1 -370.468 577.67 -21.6 276.382 608.77 -29.1 -34.944 105.59 107.3 -143.228 -115.253 160.8 66.357 -122.832 137.6 -22.773 -522.74 -8.4 94.474 -109.337 -299.6 18.831 -908.34 -59.5 162.742 -519.06 -119.1 -17.792 175.26 2814.6
0.945 -27.758 555.36 25.1 -32.347 342.49 72.5 -192.871 349.3 87.1 128.179 335.67 57.9 -428.281 343.31 111.3 368.649 350.31 -1 -335.411 589.8 -9.5 238.599 606.99 -13.9 -38.983 116.51 105 -150.581 -105.008 147.2 59.345 -113.924 128.1 -21.201 -514.38 -9.9 85.329 -127.509 -306.6 10.0188 -899.35 -62.8 148.959 -540.87 -124.4 -12.149 172.76 2816.2
0.953 -28.857 570.11 41.5 -33.856 356.31 79.8 -194.725 362.73 90 127.015 349.88 69.6 -425.725 368.27 132.9 373.245 364.45 13.2 -308.685 591.44 -9.8 213.775 603.88 -10.4 -41.439 129.26 103.2 -154.235 -93.587 133.3 56.188 -101.987 120 -21.316 -506.18 -11.8 84.167 -149.85 -308.5 6.2175 -896.54 -65.9 145.985 -568.03 -128.4 -7.365 173.67 2818.4
0.968 -29.2265 590.23 52.5 -35.9155 375.86 86.4 -196.934 381.98 94.9 125.096 369.73 77.8 -427.013 402.83 140.9 378.467 388.96 40.1 -289.053 602.22 -14.6 203.207 613.54 -9.4 -43.6665 148.17 103.6 -156.684 -75.502 126.4 53.8515 -83.513 115.2 -15.9755 -490.22 -4.1 83.5085 -178.646 -308.7 0.6247 -890.74 -62.2 140.416 -603.24 -129.7 -1.9965 165.62 2818.2
0.978 -32.7959 613.18 56.6 -39.2739 397.59 88.7 -200.411 403.57 95.1 121.869 391.61 82.3 -429.621 448.17 155 383.129 421.28 59 -281.881 616.48 -20.7 203.359 636 -19.3 -47.2239 169.54 101.5 -160.541 -54.596 118.6 50.1931 -62.414 110.2 -12.9902 -469.46 -4.1 79.5131 -210.729 -302.5 -6.4975 -882.81 -60.9 134.969 -638.52 -133.5 4.1409 152.53 2819.6
0.986 -32.806 630.1 70.2 -40.878 413.68 95.6 -202.05 420.19 101.1 120.29 407.18 90.1 -433.03 481.26 169.6 381.34 450.34 74.6 -291.64 638.58 -25.5 210.15 662.93 -31 -49.871 185.41 102 -164.25 -38.61 112 46.522 -47.113 104.8 -10.2603 -454.11 -0.2 75.751 -245.82 -292.6 -12.7052 -875.1 -61.6 127.98 -671.22 -142.6 7.81 143.58 2819.2
0.995 -31.666 646.92 76.6 -41.921 429.71 98.5 -203.14 436.49 101.8 119.3 422.92 95.2 -433.17 501.54 181 379.52 468.61 84 -299.68 650.56 -24.6 220.14 677.04 -45.1 -51.475 201.32 101.5 -166.46 -22.62 106.6 44.402 -31.5 102.3 1.103 -437.95 18.6 70.326 -271.25 -276 -16.9568 -866.38 -62.3 129.94 -704.45 -145 12.08 143.86 2819.4
1.003 -25.051 644.93 77 -36.266 428.31 96 -197.503 435.4 97.6 124.967 421.22 94.4 -430.873 509.57 176.4 383.477 488.63 87.4 -304.113 668.42 -28.7 227.007 699.56 -47.6 -46.313 199.9 95.5 -161.793 -23.88 96.1 49.077 -33.15 94 13.713 -439.71 28.3 75.709 -326.64 -265.4 -16.4183 -887.52 -74.8 128.517 -755.74 -149.4 13.343 147.62 2822.8
1.01 -27.313 648.01 87.6 -36.704 431.91 96.5 -197.962 438.1 99.3 124.558 425.73 93.7 -429.632 522.52 165.5 387.038 505.02 84.5 -297.812 696.4 -25.9 228.688 720.95 -39.8 -45.599 203.69 88.3 -159.952 -20.49 82 50.959 -28.58 78.4 11.132 -440.3 26.4 79.312 -366.52 -226 -23.0097 -890.44 -86.8 123.478 -783.16 -155.3 16.842 143.59 2825.1
1.029 -22.9423 641.8 101.2 -34.484 425.23 96 -195.669 432.4 100.4 126.701 418.06 91.5 -425.699 525.55 156.9 381.141 510.22 76.9 -286.249 710.15 -26.6 222.101 740.43 -18.2 -45.109 197.86 77.3 -161.139 -24.82 61.5 49.673 -34.19 55.7 6.462 -448.02 24.8 75.275 -411.76 -189.5 -28.7599 -897.01 -96 115.371 -816.77 -157.6 19.249 150.55 2830.4
1.045 -18.6692 637.81 106.3 -31.323 420.68 93.2 -192.426 428.02 99.6 129.784 413.34 86.8 -423.286 521.89 150.8 378.624 514.17 65.9 -271.746 719.97 -6.8 218.294 754.34 5.1 -42.664 193.91 68 -159.356 -28.06 46.9 51.351 -37.66 38.5 16.437 -448.68 41.3 78.666 -447.02 -142.8 -29.2828 -905.82 -96.2 109.734 -838.33 -150 20.526 156.69 2834.3
1.058 -12.423 645.83 108.9 -28.5675 427.93 91.2 -189.422 436.72 100.6 132.288 419.14 81.7 -417.782 515.63 144.4 374.168 519.74 59.4 -256.662 730.37 20.1 206.168 758.87 37 -42.561 201.46 63.7 -161.762 -19.25 42.3 48.655 -30.75 30 18.184 -438.29 56 65.245 -459.85 -104.7 -39.295 -906.38 -96 98.968 -846.45 -137.1 24.882 157.67 2836.7
1.066 -8.909 646.24 111.7 -25.0034 430.51 90 -185.806 439.73 100.4 135.794 421.3 79.7 -415.046 509.69 138.6 377.434 516.23 52.7 -234.456 728.85 46 198.704 749.27 67.5 -39.971 204.57 58.6 -160.086 -15.35 34 50.204 -27.4 20.5 23.601 -431.56 69.3 58.956 -469.84 -66.3 -38.876 -913.5 -104.6 95.294 -857.67 -135.3 27.086 155.47 2835.9
1.074 -6.419 652.79 114.1 -21.9966 436.83 88.6 -182.749 445.33 100.3 138.751 428.33 76.9 -406.019 509.1 128.8 378.221 515.85 47.8 -206.179 725.4 88.3 192.901 738.32 102.6 -36.4823 211.39 53.4 -156.089 -8.5 26 54.151 -19.62 10.6 35.845 -414.2 100.6 52.763 -469.48 -33.6 -38.8986 -911.49 -105.7 94.671 -857.87 -133.3 31.019 145.49 2834.5
1.091 -2.525 666.54 117.5 -20.113 449.63 90.2 -180.81 459.53 101.6 140.58 439.74 78.7 -409.62 498.09 127 386.93 502.88 34.3 -192.97 707.7 110.9 197.01 714.88 117.1 -36.5822 224.54 53.5 -158.14 5.92 24.3 52.034 -7.02 9.3 34.472 -390.15 136.7 37.619 -459.15 9.7 -48.456 -898.5 -102.1 86.79 -847.99 -123.6 35.12 137.21 2832.6
1.104 1.561 665.78 116.5 -17.65 449.36 87.2 -178.449 460.36 95.4 143.141 438.35 79.1 -420.989 475.73 122 394.661 490.57 27.9 -197.089 683.42 129.9 197.341 693.69 121.9 -34.9847 224.59 48.9 -157.489 7.02 15.8 52.851 -7.38 5.1 46.483 -371.41 162.5 35.492 -460.51 30.8 -49.1684 -907.83 -112 88.151 -858.11 -125.2 40.759 140.41 2833.3
1.115 3.938 668.4 119.6 -15.961 451.57 87.9 -176.785 462.99 95.2 144.865 440.16 80.7 -424.185 467.68 126.5 394.635 483.61 32.5 -204.505 672.7 130.7 187.575 681.7 123.9 -33.696 227.08 48 -156.595 10.06 12.9 53.73 -4.87 3.4 35.414 -463.92 142.5 28.828 -458.32 40.1 -55.249 -912.73 -112.7 81.855 -862.66 -123.2 45.075 140.88 2831.6
1.131 6.079 663.36 131.2 -12.734 448.91 91.7 -173.591 459.77 99.4 148.119 438.05 83.9 -414.861 458.15 132.4 404.969 473.99 23 -203.791 665.31 125.5 199.339 672.14 121.6 -30.03 225.64 45.7 -152.511 9.46 4.8 57.859 -4.74 -5.4 44.232 -520.14 132.6 25.919 -450.8 74.8 -56.6678 -918.17 -118 79.889 -866.14 -128.5 46.791 147.14 2831.2
1.145 7.41 659.51 127.5 -12.345 445.49 90.3 -173.087 456.94 99.4 148.403 434.03 81.2 -409.157 463.9 132.3 402.763 472.33 33.1 -205.237 680.55 116.4 208.163 684.92 111.8 -30.807 222.02 45.5 -154.387 6.04 6.6 55.853 -8.94 -5.3 58.493 -578.92 156.6 18.159 -458.06 61.8 -65.995 -928.4 -111 74.633 -886.04 -126.6 50.627 149.24 2829.5
1.157 7.79 662.79 137.9 -12.223 448.34 95.8 -172.986 459.82 104.6 148.544 436.85 87 -408.166 471.08 132 396.794 482.8 35.9 -213.036 694.51 99.7 208.044 704.34 104.4 -30.747 225.47 48.1 -152.661 9.99 6 54.114 -4.78 -5.3 3.883 -415.94 63.6 -3.942 -453.43 51.9 -142.223 -761.8 -165.5 72.354 -877.42 -123.8 55.906 153.99 2827.4
1.173 9.637 654.23 131.2 -11.656 440.24 93.5 -172.3 453.15 102.5 148.99 427.32 84.6 -410.25 485.21 128.5 394.73 494.57 38.9 -227.57 714.19 81.8 223.33 731.49 93.8 -32.108 216.93 48.8 -157.566 2.07 9.8 52.45 -14.82 -1.9 -15.647 -432.3 30.7 -33.176 -458.21 60.2 -178.5 -788.99 -168.6 69.03 -890.58 -111.5 59.62 157.82 2826.2
1.187 14.329 650.46 128.3 -10.576 435.2 94.4 -170.837 450.33 105.9 149.683 420.07 82.9 -411.927 495.81 124.2 398.563 496.53 49.4 -252.217 730.97 49.5 241.123 744.38 58.3 -34.659 211.68 52.7 -165.287 -1.78 18.7 47.803 -21.9 3.5 -45.142 -443.15 16.5 -49.696 -461.37 78 -216.617 -810.73 -153.6 63.863 -892.23 -109.7 63.127 165.68 2824.2
1.204 13.025 638.55 118.7 -11.18 423.14 92.1 -171.425 439.35 102.4 149.065 406.94 81.7 -412.995 508.76 125.9 407.745 499.09 60 -272.505 751.8 39.8 270.865 752.52 20.2 -36.225 198.87 55.4 -165.925 -14.82 25.5 43.385 -35.99 12 -68.0083 -461.41 10.8 -48.798 -479.07 72.5 -241.725 -839.34 -132.2 62.275 -911.58 -109.7 65.575 166 2821.3
1.218 12.188 640.16 113.7 -12.258 423.69 92.3 -172.54 440.36 101.4 148.02 407.02 83.2 -411.82 517.64 132.5 411.54 500.79 70.5 -309.62 758.75 7.7 301.56 756.76 -9.4 -37.493 198.8 59.8 -166.573 -15.3 33.2 41.12 -36.9 21.4 -88.412 -465.56 13 -46.527 -483.22 43.7 -259.58 -852.94 -105.7 55.07 -898.24 -103.9 69.1 162.25 2818.6
1.235 13.863 645.66 114.3 -11.955 427.59 97.3 -172.254 444.74 105.2 148.345 410.43 89.4 -411.195 508.62 135 413.485 493.17 81 -345.545 730.82 -25 333.845 740.35 -46.7 -37.441 202.05 69.9 -167.063 -12.34 47.7 41.205 -34.63 37.4 -105.34 -465.08 26.2 -61.82 -478.51 58 -270.585 -860.86 -71.4 47.565 -880.05 -89.5 72.815 168.34 2815.1
1.25 16.438 660.85 118.1 -9.084 444.35 102.7 -169.417 461.28 110.5 151.253 427.43 94.8 -417.607 526.87 158.1 418.233 497.64 94.1 -368.187 714.9 -43.1 362.373 730.64 -66.6 -34.146 218.43 77.9 -163.638 3.53 58.3 45.223 -18.51 48.1 -39.426 -544.13 116.1 -46.548 -466.64 45.2 -98.595 -929.73 -61.2 71.353 -871.24 -80.7 75.917 153.61 2809.9
1.261 19.332 676.44 121.5 -5.688 460.21 107.2 -166.004 477.29 115.1 154.628 443.13 99.2 -405.012 544.02 178.7 420.408 491.91 106.2 -371.432 692.25 -52.9 370.218 718.78 -67.2 -30.883 234.01 85 -160.688 18.96 68.1 48.538 -3.33 57.7 -55.723 -450.52 -13.5 -6.717 -453.96 15.8 -76.5809 -856.63 -49.3 23.728 -869.32 -49 78.172 139.22 2805.8
1.268 21.896 677.69 113.3 -1.963 462.91 107.7 -162.231 480.56 115.4 158.306 445.26 100.1 -401.234 555.64 196.2 422.976 491.58 120.4 -353.124 668.26 -50.7 355.016 697.58 -69.3 -27.622 236.26 93.1 -157.972 21.13 83.5 51.406 -1.93 73.5 -89.981 -397.37 -92.6 36.196 -451.3 8.3 -73.866 -810.87 -52.5 11.539 -874.54 -41.7 79.804 126.98 2800.6
1.277 20.407 676.77 112.7 -1.131 460.7 111.2 -161.642 475.88 118.8 159.377 445.52 103.7 -399.133 548.97 207.8 423.467 485.94 132.4 -310.293 635.44 -33.5 338.777 669.64 -70.3 -23.06 233.39 101.9 -149.908 16.01 97.5 59.927 -3.83 87.7 -120.992 -388.76 -172.7 67.517 -450.84 3.5 -60.131 -783.64 -51.7 5.212 -875.78 -40.4 83.423 127.84 2795.1
1.285 24.195 665.04 91.5 3.408 450.35 105.5 -157.201 465.33 110.9 164.015 435.38 100 -391.385 532.33 209.2 430.405 474.2 129.6 -267.865 618.04 -12.7 307.705 648.64 -62.5 -17.69 223.04 108.3 -143.79 5.52 114.8 66.215 -14.06 107.6 -137.944 -377.66 -203.9 79.645 -454.34 -6.7 -67.047 -773.57 -57.7 -2.018 -880.65 -19.2 83.455 127.14 2792.7
1.294 19.652 645.19 81.2 0.809 431.26 103.8 -159.882 445.84 108 161.502 416.68 99.7 -394.528 503.16 207.3 426.872 460.55 130 -241.168 614.34 5.8 277.102 628.04 -48.5 -19.511 204.08 115 -144.895 -13.57 128.9 65.232 -32.63 123.4 -153.293 -362.36 -242.2 74.492 -462.9 -24 -89.345 -769.32 -98.1 3.03 -893.59 -20.1 89.528 133.6 2789.2
1.308 21.91 632.93 69.3 3.96 420.56 102.5 -156.753 435.28 104.3 164.67 405.84 100.6 -394.87 490.04 200.5 431.81 451.63 129.4 -225.41 622.84 23.7 263.09 630.08 -26.8 -16.536 194.12 123.4 -142.126 -22.69 145.6 68.06 -41.939 143.2 -155.584 -325.27 -262.7 72.42 -460.48 -35.1 -101.11 -750.25 -125.7 9.116 -891.89 -2.8 89.31 132.4 2784.2
1.326 24.607 615.95 61.7 4.871 402.93 99.6 -155.718 418.69 103.1 165.457 387.17 96.2 -395.753 472 186.1 429.597 433.84 116.5 -233.543 636.43 22.9 255.327 620.72 -27.3 -16.708 177.11 126.6 -143.298 -38.4 155.8 66.727 -59.016 151.3 -161.329 -296.37 -280.2 71.267 -465.69 -53.4 -108.592 -734.36 -151.1 5.633 -896.49 -6.4 92.003 145.7 2782.3
1.339 23.723 600.75 60.9 3.739 388.91 100 -156.754 405.23 105.1 164.233 372.59 94.9 -394.677 466.2 170.8 428.003 421.14 100 -257.957 665.75 19.4 277.313 630.57 -36.1 -18.223 163.43 130.2 -145.135 -51.379 163.8 64.763 -72.719 157.1 -165.793 -276.32 -288.9 71.263 -478.1 -52.3 -111.424 -715.81 -168.9 5.643 -909.8 -6.4 94.817 148.64 2778.4
1.351 25.87 570.48 49.5 5.69 361.43 96.2 -154.781 378.04 101.2 166.17 344.82 91.2 -400.99 449.91 152.7 430.85 393.38 81.8 -310.03 677.33 8.3 324.15 625.06 -52.3 -16.36 137.06 133.6 -143.349 -76.44 174.2 66.52 -98.163 167.6 -166.524 -264.027 -289.3 70.73 -507.78 -34.5 -106.339 -702.77 -175.3 15.72 -902.27 -30.4 95.06 170.01 2776.4
1.362 27.855 560.07 46.6 8.695 350.27 95.9 -151.749 367.05 101.3 169.145 333.48 90.4 -405.005 448.4 140.9 441.415 386.14 68.4 -378.055 687.11 -11.7 391.385 629.51 -75.8 -13.312 126.48 136.9 -140.244 -86.332 181.6 69.595 -108.281 174.5 -164.194 -247.065 -293.7 71.305 -518.85 -26.5 -103.102 -685.94 -186.2 20.405 -901.72 -49.3 92.545 170.06 2772.7
1.37 26.886 553.96 45.4 8.696 342.46 95.2 -151.855 357.93 101.4 169.246 326.99 89 -421.534 426.97 124.3 447.676 367.35 52.1 -460.324 662.48 -31.3 462.046 604.8 -107.7 -11.225 118.72 137.8 -136.137 -94.906 184.5 73.846 -115.143 176.4 -159.564 -230.218 -292.1 75.306 -531.25 -12.7 -97.5175 -671.15 -192.4 26.896 -897.22 -59.1 94.304 175.75 2770.5
1.379 24.321 567.07 45.7 8.491 355 95.4 -152.22 368.58 101.7 169.201 341.42 89.2 -438.039 411.72 106.9 454.561 357.41 39.3 -544.929 620.8 -51.5 526.761 572.16 -137.1 -8.711 131.26 139.3 -131.017 -83.604 187.3 79.191 -101.366 179.2 -158.253 -209.24 -290.8 71.821 -523.17 3.6 -93.7304 -660.71 -190.5 27.631 -882.62 -59.4 95.429 169.64 2768.5
1.386 22.719 584.21 46.6 7.429 372.05 96.6 -153.347 384.67 103.3 168.209 359.43 90 -448.071 403.19 92.9 462.239 358.53 28.1 -607.741 561.01 -75.5 586.209 529.43 -165.7 -8.316 148.19 140.6 -129.203 -67.422 188.9 81.069 -83.924 180.2 -162.153 -203.854 -285.5 66.509 -508.8 12.4 -98.8914 -657.09 -190.8 22.259 -875.02 -63.3 96.261 155.49 2767.3
1.395 23.748 607.28 55.9 7.318 393.32 98.8 -153.397 406.11 106.5 168.038 380.54 91 -448.382 378.41 84.3 465.268 343.06 27.9 -648.472 484.82 -86.1 636.398 465.49 -172.4 -8.66 168.62 137.9 -129.739 -47.724 182.1 80.458 -64.445 172 -164.062 -196.49 -294.4 56.888 -492.24 12.8 -100.431 -658.61 -193 17.518 -861.42 -72.5 96.962 142.94 2768.3
1.403 28.382 627.83 61.1 11.642 412.03 99.1 -149.096 424.61 106.9 172.372 399.44 91.2 -442.398 351.17 76 460.422 318.49 29.3 -665.518 391.82 -96.1 665.482 386.47 -170.6 -4.259 186.73 134.7 -125.267 -30.33 175.6 84.952 -46.788 165.3 -157.605 -206.887 -289 61.812 -477.98 15.2 -98.7898 -673.45 -189.4 22.742 -850.5 -70.9 94.188 131.51 2769.8
1.411 25.161 649.92 62 8.551 435.67 98.5 -152.105 449.01 106.7 169.201 422.32 90.2 -429.579 329.3 79.2 442.831 314.96 32.4 -658.639 300.4 -85.5 665.291 317.86 -160.2 -8.571 209.9 130.4 -130.75 -7.13 167.7 79.371 -24.59 156.9 -162.226 -217.48 -286.2 61.621 -460.34 20.2 -111.818 -683.76 -184.4 12.331 -832.92 -74.1 95.469 108.04 2770.2
1.419 24.049 666.994 60.2 6.279 451.834 93.7 -154.302 466.454 101 166.869 437.214 86.4 -410.371 302.964 84 428.839 294.314 28.6 -628.451 204.424 -69.5 643.949 228.274 -163.6 -13.082 225.644 120.8 -137.463 9.024 152.6 72.569 -10.1 143.1 -157.454 -228.966 -270.6 61.709 -451.396 25.8 -122.751 -698.606 -183.2 7.289 -816.856 -76.1 96.321 92.696 2774.2
1.427 22.433 687.559 66.2 4.413 467.879 90.7 -156.211 482.529 96.8 165.043 453.229 84.5 -387.387 269.429 80.3 412.723 269.139 31.1 -573.667 104.629 -57.8 610.463 147.189 -160 -15.568 240.999 109.1 -140.595 23.699 131.6 69.493 4.535 123.5 -135.963 -264.741 -232.9 68.273 -441.481 26.1 -129.254 -716.881 -186.1 8.873 -801.211 -84.7 97.887 83.381 2779.3
1.444 17.88 718.828 78.5 1.01 491.918 90.4 -159.568 505.978 98.7 161.58 477.868 82.1 -363.45 239.698 82.3 387.09 256.958 39.2 -516.54 26.093 -35.5 561.07 74.538 -123.6 -18.521 264.538 97.7 -143.065 46.348 110.4 66.97 27.958 99.5 -122.309 -284.102 -203.4 64.37 -422.612 28 -133.784 -736.182 -180.5 7.2 -783.012 -93.3 102.64 73.262 2784
1.458 14.32 737.729 82.3 -3.71 514.109 85.5 -164.216 529.079 93.7 156.79 499.139 77.3 -339.36 221.919 76.4 354.42 243.549 41.9 -441.74 -34.174 -9.6 497.38 15.539 -94.3 -24.93 286.699 85.4 -151.106 69.079 90.6 58.81 49.499 79.9 -111.226 -298.781 -168.2 52.14 -404.411 48.2 -146.327 -751.721 -171.2 -5.418 -776.291 -94.1 104.45 57.561 2788.7
1.472 12.58 745.637 82.6 -3.9 523.697 79 -164.592 537.737 83.4 156.8 509.667 74.6 -311.53 208.857 80.9 323.87 225.757 45.1 -370.53 -70.909 11.2 425.52 -39.511 -56.2 -23.91 296.137 73.8 -149.04 77.757 71.5 61.19 59.397 65.7 -76.717 -315.843 -132.8 53.54 -396.233 51.2 -140.2 -765.483 -161.6 -1.89 -777.443 -93.6 106.13 52.333 2792.7
1.481 11 759.353 93.4 -1.93 536.793 78.6 -162.788 549.193 78.8 158.92 524.393 78.4 -280.34 229.763 82.1 296.8 206.703 54.8 -313.13 -63.275 29.2 355.3 -84.357 -18.8 -19.462 309.543 63.9 -142.206 90.403 49.3 68.22 74.193 49 -52.139 -323.117 -102.2 49.41 -381.437 55.4 -138.796 -767.497 -163.8 -2.03 -773.907 -98.8 106.33 47.917 2795.1
1.489 10.28 765.933 100.8 1.11 544.493 78.7 -159.985 553.193 78.5 162.21 535.793 78.9 -252.62 242.453 84.6 273.18 216.163 73.1 -270.51 -55.5143 28.9 294.08 -86.022 3.5 -11.122 317.423 57.4 -128.705 96.043 35.9 81.99 84.663 36.2 -19.183 -329.797 -52.4 56.19 -368.237 76.5 -137.717 -779.227 -160.4 2.86 -775.547 -96.2 105.18 45.927 2795.2
1.497 12.96 774.691 104.7 4.6 555.611 78.7 -156.607 562.591 77.7 165.82 548.641 79.8 -231.05 256.861 84.9 258.03 232.641 86.2 -239.54 -43.2514 26.3 256.45 -76.415 27.1 -5.042 328.731 53.3 -120.091 106.411 27.1 90.71 97.301 28.5 -2.11 -324.429 11.7 59.3 -344.879 122.4 -146.002 -785.039 -166.4 -0.27 -773.349 -91.5 102.46 42.409 2794.1
1.505 19.078 777.89 110.2 11.528 559.9 79.8 -149.737 566.33 79.2 172.788 553.46 80.5 -211.282 264.65 83.9 240.988 246.29 92.9 -208.902 -31.981 7 237.838 -67.008 41.6 2.609 333.34 50.8 -109.223 110.89 21.3 96.608 102.68 22.2 -6.144 -395.48 31.5 94.968 -345.02 116 -149.799 -793.68 -180.1 12.068 -737.24 -65 94.642 40.96 2791.5
1.513 23.28 775.9 98 15.15 557.32 73.8 -146.129 563.45 71.9 176.42 551.2 75.7 -203.46 260.52 82.9 228.81 241.94 92.6 -195.35 -35.338 0 203.86 -69.454 32.5 6.84 330.33 47.8 -105.135 107.27 20.6 102.2 99.4 23.1 -0.527 -459.78 76.8 120.79 -350.48 103.8 -144.123 -802.06 -179.8 16.83 -746.05 -58 91.39 45.37 2792.6
1.521 20.588 777.015 92.4 13.678 558.635 71.1 -147.615 564.105 68.1 174.958 553.165 74 -201.592 258.175 81.5 220.268 238.565 90.1 -190.028 -38.3461 -0.6 174.618 -69.79 24.3 6.405 331.375 46.8 -104.164 107.615 20.7 102.438 100.615 24.5 -23.037 -342.135 40.4 131.218 -351.375 88.7 -187.822 -685.695 -179.3 13.478 -751.245 -51.6 91.842 46.725 2793.2
1.528 20.901 778.446 100.6 14.241 560.736 74.1 -147.056 566.466 71.7 175.531 554.996 76.6 -205.579 233.136 80.4 216.471 238.236 86.9 -175.042 -63.056 -15.6 161.411 -67.999 14.9 6.6 333.886 46.4 -104.15 110.716 17.1 102.071 103.376 20.2 -32.807 -341.124 19.6 133.981 -350.294 69.3 -212.459 -695.674 -168.8 8.778 -754.854 -49.5 91.199 48.314 2793
1.541 20.274 771.491 104.5 13.494 554.521 75 -147.812 560.051 73 174.814 549.001 76.9 -209.366 241.251 84 218.134 233.431 86.1 -174.473 -58.2964 -10.8 154.684 -70.288 8.7 6.09 327.801 46 -104.914 104.631 15.8 102.274 97.541 18.3 -4.459 -517.819 104.2 133.214 -357.379 55 -132.379 -816.589 -192.7 5.62 -766.609 -43.5 91.916 53.719 2793.1
1.555 22.594 779.599 108.2 15.904 562.629 77.3 -145.421 567.889 76.5 177.234 557.379 78.1 -208.866 255.549 87.8 219.414 245.009 87.3 -173.533 -43.3951 -13.9 154.564 -58.878 10.1 8.664 335.969 47.7 -101.848 112.679 17.6 104.694 105.949 18.6 -23.834 -336.451 55.6 132.654 -349.821 45.8 -187.252 -646.231 -210.5 6.512 -763.481 -34.5 90.306 46.081 2790.9
1.568 22.586 779.14 110.8 15.996 561.86 79.2 -145.348 566.77 78.9 177.336 556.95 79.5 -210.094 254.44 89.8 219.026 239.23 80.9 -175.092 -44.4397 -14.8 151.926 -65.509 8.7 9.148 335.26 49 -100.811 111.8 18.6 105.416 105.52 18.9 -28.14 -339.48 36.3 129.676 -350.83 39 -215.254 -662.8 -195.9 7.714 -768.5 -25.3 90.454 49.46 2789.5
1.576 23.281 782.753 113 17.861 565.233 80.5 -143.494 569.773 80.7 179.221 560.703 80.3 -208.759 254.653 86.1 217.611 240.123 76.3 -173.805 -45.3492 -16.6 154.411 -66.531 8.5 11.463 338.593 50.5 -97.973 114.843 20.6 108.101 109.053 20.4 -35.412 -338.277 24.9 128.621 -347.677 35.3 -235.879 -675.867 -173.4 12.661 -768.927 -15.4 87.969 49.427 2788.5
1.584 22.933 781.488 114.7 18.223 565.208 81 -143.139 569.568 81 179.583 560.848 81 -208.787 261.218 82.3 221.263 244.648 76.1 -176.785 -41.0674 -15 156.293 -61.371 6.8 12.094 338.678 50 -97.0341 114.938 19.1 108.963 109.378 19 -45.483 -339.562 15.5 126.033 -347.612 30.2 -250.967 -691.122 -150.7 17.183 -771.952 -9.1 87.317 43.192 2786.8
1.596 21.748 777.57 114.9 16.618 560.53 81.6 -144.741 564.92 82 177.978 556.14 81.3 -219.292 249.25 74.8 225.978 230.22 71.9 -186.269 -55.8325 -12.9 158.128 -74.886 1.2 10.385 333.97 50.9 -98.83 110.21 20.5 107.128 104.61 20 -57.369 -345.28 13 121.168 -352.54 28.4 -261.522 -709.86 -124.3 19.988 -779.54 -1.6 89.122 50.86 2786.7
1.604 20.986 774.305 115.7 16.056 557.015 82.1 -145.306 561.435 82.3 177.416 552.585 82 -224.564 253.595 70.4 230.556 232.915 70.3 -197.284 -54.6559 -7.4 170.636 -73.087 -3.3 9.819 330.475 51.3 -99.3871 106.755 20.5 106.556 101.115 20.3 -66.47 -349.405 11.6 118.016 -356.135 26.7 -264.714 -725.735 -100.4 24.686 -785.385 4.3 89.834 53.825 2786.4
1.612 22.651 763.622 105.5 16.211 545.042 80.3 -145.099 550.732 79.4 177.521 539.352 81.2 -231.169 244.262 68.3 236.231 224.222 66.7 -216.609 -66.1223 -3.7 186.821 -81.827 -13.5 8.345 317.942 55 -102.469 94.462 29.1 103.421 87.212 30.2 -76.499 -362.138 20.1 112.731 -370.108 35.1 -265.729 -748.818 -70.1 27.151 -801.238 18.8 90.009 62.818 2784.8
