0 -7.319 764.993 90.7 -4.189 544.993 82.9 -165.541 542.653 79 157.158 547.333 86.7 -220.502 243.143 86 237.458 251.383 92.7 -237.852 -73.166 48.2 227.608 -68.945 18.8 -0.459 316.993 65.2 -102.243 87.463 45 108.788 90.523 50.1 -80.825 -368.097 11.5 70.068 -363.117 6.4 -88.358 -768.507 -66.9 85.578 -762.787 -74.7 69.322 28.617 2811.7
0.0117 -9.32 763.942 89.5 -6.457 544.102 82.3 -167.808 542.252 78.1 154.897 545.942 86.5 -231.263 236.592 84.5 237.767 241.252 81.7 -246.643 -79.331 41.8 236.637 -80.396 13.7 -3.406 316.032 65.4 -105.871 86.762 45.7 105.157 89.172 51.2 -82.561 -368.958 14.8 74.227 -365.318 10.9 -90.878 -760.888 -65.4 84.097 -756.918 -73.8 70.913 28.578 2813
0.0234 -9.347 758.845 89.9 -7.742 538.715 82.6 -169.088 537.785 77.9 153.606 539.655 87.3 -239.104 235.515 80.6 240.266 232.195 70.7 -266.244 -78.114 29.5 248.716 -88.498 -1.1 -5.924 310.655 65.5 -109.618 81.975 45.4 101.406 83.195 51.5 -78.9953 -373.745 24.3 71.156 -371.565 13.2 -91.626 -765.655 -65.4 79.356 -763.535 -75.3 72.864 32.895 2814.1
0.0409 -8.286 752.742 91 -6.764 532.752 84 -167.926 532.632 75.7 154.395 532.862 92.3 -248.795 216.312 73.5 245.795 226.702 66.3 -292.825 -95.372 20.2 271.175 -86.618 -26.2 -5.737 304.662 67.2 -110.129 76.492 44.9 100.705 76.642 55.8 -77.4203 -378.838 18 70.965 -377.768 13 -90.365 -773.018 -68.6 80.945 -766.948 -72.6 75.175 35.898 2813.3
0.054 -11.554 743.522 91.3 -9.463 523.702 84.6 -170.472 523.952 73.7 151.544 523.452 95.5 -265.176 205.962 74.3 258.624 216.662 47.2 -333.946 -100.466 6.3 311.194 -89.577 -54.3 -8.666 295.622 67.5 -113.16 67.712 43.4 97.424 67.382 57.6 -76.2307 -387.678 24.3 65.324 -386.728 13.3 -95.224 -777.498 -67.4 79.324 -769.898 -72.8 79.366 40.138 2813.6
0.0656 -10.321 737.118 94.7 -9.066 517.468 89 -170.157 517.998 79.1 152.029 516.948 98.9 -286.021 197.998 64.9 279.879 201.848 30.8 -375.801 -103.698 -15.2 359.579 -90.195 -94.4 -8.828 289.308 73.1 -113.923 61.488 50.8 96.749 60.808 63.7 -89.4688 -394.702 33.3 72.069 -393.572 17.9 -96.126 -781.262 -59 76.329 -771.082 -70.2 81.621 47.052 2809.6
0.0811 -5.974 732.262 94.2 -6.35 510.422 91.8 -167.564 512.102 84.6 154.861 508.742 98.9 -306.009 193.302 54.6 301.941 187.772 12.5 -421.829 -99.784 -36.9 418.941 -78.351 -142.4 -8.191 282.082 79.6 -115.469 54.832 62.8 95.401 52.632 72.2 -99.234 -401.348 37.5 76.091 -401.768 24 -99.158 -788.168 -51.4 72.711 -780.908 -62.5 83.339 62.698 2807.2
0.0997 -6.543 719.108 97.8 -9.5 497.178 94.6 -170.754 499.638 88.2 151.752 494.718 101 -329.488 203.908 39.7 326.992 201.148 -2.4 -470.158 -74.3489 -58.8 478.462 -35.134 -175.4 -12.556 268.768 83.6 -121.053 41.978 68.4 89.832 38.758 76.7 -108.822 -411.872 19.3 75.362 -415.882 28.9 -103.967 -809.792 -56.6 63.912 -801.402 -64.3 86.658 69.092 2804.2
0.1144 -2.886 709.173 82.5 -8.234 488.423 93.3 -169.471 492.573 87.3 153.004 484.273 99.2 -348.396 215.883 34.2 354.344 216.023 -15.9 -511.976 -45.074 -72.1 524.624 24.615 -220 -14.142 260.113 94 -125.489 34.533 90.9 85.394 29.103 98.7 -112.694 -415.587 16.9 77.864 -424.557 41.9 -107.106 -811.667 -38.6 63.294 -805.167 -44.5 87.996 75.107 2799.3
0.1222 -1.299 689.666 74.7 -8.514 470.606 92.8 -169.746 476.206 87.9 152.716 465.006 97.6 -370.094 225.516 26.8 381.276 235.126 -27.3 -552.314 -16.188 -88.3 565.566 87.816 -254 -16.7 242.536 101.7 -130.324 18.126 107.5 80.556 10.806 113.8 -123.63 -421.834 -7.8 80.246 -437.844 29.8 -113.355 -825.574 -45.7 62.356 -819.104 -48.4 90.924 83.954 2795.5
0.1297 1.158 666.664 63.4 -7.335 450.934 90.6 -168.532 458.234 89 153.861 443.644 92.2 -386.029 242.064 26.2 401.671 254.024 -38.4 -581.049 18.854 -101.1 593.911 153.254 -279.8 -17.807 223.764 110.5 -133.714 1.364 129.3 77.161 -8.177 131.4 -140.478 -430.176 -14.7 80.131 -451.196 22.5 -120.106 -833.766 -44.2 62.751 -827.776 -43.6 91.049 87.096 2790
0.1391 9.865 657.649 49.9 -0.652 444.339 89.2 -161.704 454.009 90.6 160.4 434.669 87.7 -394.01 264.419 24.6 420.35 280.089 -52.8 -605.54 73.889 -122.3 616.47 226.049 -304.2 -13.85 219.289 123.4 -132.381 0.558 158.6 78.29 -12.092 156.6 -151.656 -411.851 -29.2 87.29 -448.641 24.6 -122.248 -816.971 -39.5 66.02 -814.381 -27.1 89.66 80.061 2783.6
0.1467 16.632 637.229 36.7 7.237 426.379 87.3 -153.846 435.549 90.5 168.322 417.219 84.1 -398.528 284.529 27.7 434.152 310.969 -58.5 -620.108 121.849 -127.5 622.762 291.729 -319.7 -4.47 203.929 135.5 -121.499 -12.528 185.9 89.142 -24.519 181.7 -160.779 -391.751 -54.6 100.042 -453.081 26 -125.697 -812.741 -53.7 79.032 -813.111 -21.3 91.928 77.161 2775.9
0.1544 24.263 614.617 14.1 16.083 410.517 83.4 -145.013 419.727 87 177.183 401.307 79.9 -403.857 294.577 32.3 443.983 329.327 -63.8 -634.347 154.427 -134.4 625.233 352.027 -325.9 5.129 193.277 150.1 -111.159 -17.946 219.1 99.513 -29.99 214.5 -181.677 -367.723 -56.3 97.063 -443.783 25 -145.098 -786.413 -61.4 76.253 -804.903 -6.5 89.077 69.763 2767
0.1625 27.796 586.965 -5.1 20.656 388.395 78.3 -140.472 397.265 81.9 181.776 379.525 74.6 -411.154 299.305 33.7 450.276 339.195 -68.8 -649.494 170.015 -136.5 617.816 404.455 -332.9 10.826 176.095 159.6 -104.358 -30.413 243.4 106.366 -42.013 238.6 -214.834 -324.325 -90.5 101.536 -444.285 25.1 -166.046 -766.665 -80 77.656 -800.425 -8.1 91.264 67.875 2760
0.1706 39.592 563.037 -10.3 31.632 367.307 78.8 -129.529 375.967 81.3 192.792 358.657 76.3 -403.698 300.477 30.4 459.502 346.377 -71.9 -650.308 182.277 -136.6 607.062 453.087 -335.6 21.772 157.937 168.4 -93.4772 -45.778 259.7 117.302 -57.0944 256.5 -235.668 -293.803 -106.2 101.862 -440.823 12.6 -192.778 -744.483 -93.4 80.112 -802.783 -8.8 87.228 59.143 2753.5
0.1792 48.998 532.491 -22.2 40.688 342.341 77 -120.402 352.241 79.4 201.778 332.451 74.5 -397.542 295.501 34.9 465.068 350.451 -74.8 -646.522 187.361 -135.5 593.058 499.371 -330 29.538 136.561 174.9 -86.9652 -62.746 274.4 123.728 -75.682 271.3 -252.332 -265.389 -106.6 99.648 -444.499 5.3 -222.882 -718.729 -98.2 78.448 -797.669 -8.1 82.812 51.319 2746.1
0.1873 62.326 514.354 -36.3 52.126 329.434 73.7 -108.833 341.154 76.2 213.086 317.704 71.2 -387.864 289.594 30.5 475.436 361.564 -78 -644.744 188.144 -123.2 568.596 550.344 -322.8 39.266 129.294 182.4 -78.864 -63.185 292.7 131.666 -78.517 289.4 -261.024 -226.906 -96.7 103.216 -437.306 9.4 -251.304 -682.576 -94 83.746 -776.636 1.4 77.534 35.326 2742.1
0.1952 76.443 500.134 -50.8 63.893 319.624 66.1 -97.082 331.394 67.4 224.863 307.854 64.9 -379.897 275.304 22.8 483.253 366.244 -75.4 -638.807 171.044 -120.1 545.773 581.704 -309.4 50.513 124.334 183.4 -68.1302 -63.258 301.5 142.403 -78.654 299.9 -259.997 -208.486 -98.7 108.683 -422.526 2.2 -277.137 -663.316 -103.9 92.483 -757.706 -2 71.197 26.186 2739
0.2034 88.58 491.008 -57 76.43 310.898 60.5 -84.568 322.388 62.4 237.42 299.418 58.7 -369.02 262.348 19.5 493.06 368.318 -71.6 -632.05 164.568 -115.9 513.87 609.138 -284.3 63.89 116.148 179.3 -53.9196 -71.1 299.2 156.64 -86.125 296.8 -259.04 -208.062 -101 115 -412.762 -18.7 -305.61 -663.472 -116.6 102.2 -755.312 -15.8 63.17 15.392 2735.4
0.2222 96.939 488.434 -58.8 86.559 307.584 55.1 -74.529 316.954 53.5 247.649 298.214 56.7 -357.451 252.324 15.1 505.589 370.314 -66.4 -624.131 155.344 -108.9 471.079 626.924 -246.3 74.049 112.374 173.4 -43.831 -76.7172 290.6 166.919 -88.9722 292.7 -259.611 -206.026 -90.9 110.089 -368.286 -32.3 -338.391 -652.236 -125.7 106.189 -738.056 -14.4 54.031 -0.95381 2733.8
0.2394 104.401 488.654 -70 93.861 307.674 45.9 -67.272 314.524 41.3 255.001 300.824 50.5 -347.299 238.814 9.2 512.721 370.774 -57.1 -618.699 139.644 -99.7 423.221 625.304 -207.6 82.151 113.674 166.3 -34.942 -75.834 283.7 175.831 -84.799 289.8 -265.139 -248.876 -67 107.901 -333.896 -43.1 -366.839 -641.776 -131.5 115.451 -712.286 -13.1 47.559 -13.104 2732.8
0.2505 113.714 487.106 -76.6 103.724 305.556 38.2 -57.347 309.806 30.2 264.794 301.306 46.2 -333.466 237.036 4.7 520.044 379.526 -55.4 -604.226 127.278 -84.1 372.584 614.126 -175 92.604 111.357 158.4 -23.863 -80.064 273.4 186.824 -85.624 283.9 -266.716 -285.434 -49.8 109.464 -320.244 -55.9 -393.296 -642.424 -145.1 123.244 -700.944 -15.4 41.596 -28.686 2734.8
0.2607 113.712 482.582 -77.1 104.952 298.812 35.1 -56.047 300.702 24.8 265.952 296.912 45.4 -325.778 225.582 -0.7 515.972 378.332 -42.3 -595.138 109.598 -68.6 332.142 587.432 -148.7 94.972 104.384 155.1 -20.283 -88.798 268.4 190.272 -91.278 281.9 -278.168 -312.478 -31.3 104.862 -310.738 -60.4 -428.438 -641.208 -155.3 121.252 -693.578 -12.2 42.348 -33.402 2731.5
0.2688 116.081 492.722 -88 109.721 310.132 25.9 -51.161 310.012 13.5 270.601 310.252 38.2 -322.889 218.362 -4.1 519.481 389.222 -29.9 -588.489 97.799 -71.1 315.901 571.112 -140.6 100.491 116.693 147.5 -13.929 -76.828 261.1 196.471 -76.668 277.3 -284.209 -322.568 -8.8 102.341 -285.378 -64.9 -455.189 -628.208 -163.1 123.531 -667.798 -12.8 34.159 -51.262 2731.5
0.277 119.212 505.119 -94.3 118.212 324.599 20.7 -42.378 319.589 6.5 278.812 329.609 35 -311.588 222.379 -9.7 530.592 404.789 -17 -576.548 96.091 -62 315.552 556.309 -139.9 113.192 132.569 144.8 3.107 -62.741 259.5 213.212 -56.181 278.1 -264.738 -339.031 18.9 116.352 -260.961 -65 -457.198 -619.941 -162.2 139.942 -646.171 -10.5 23.188 -73.789 2731.4
0.2851 121.694 504.726 -96.6 121.954 324.186 19.5 -38.287 316.406 2.6 282.194 331.976 36.4 -309.136 218.256 -16 537.954 409.446 2.3 -573.336 87.7637 -60.5 326.534 536.386 -144.2 118.114 132.622 144.3 9.496 -64.034 258.1 219.064 -53.854 280.2 -259.766 -360.034 42.5 110.114 -256.264 -67.1 -466.836 -623.684 -159.9 139.904 -643.874 -9.3 16.926 -88.446 2730.9
0.293 121.931 513.32 -99.8 124.201 333.34 14.5 -35.6167 322.65 -4.7 284.021 344.03 33.8 -301.579 214.74 -23.9 540.961 422.84 12.8 -567.929 86.592 -65.3 350.681 529.97 -163.3 122.011 141.675 139.3 15.3063 -56.98 251.4 224.321 -43 276.6 -244.039 -376.67 58.3 110.051 -232.91 -74.9 -465.599 -607.59 -161.1 148.941 -623.21 -12.5 7.9787 -106.33 2732.3
0.3121 124.696 501.94 -98.8 125.436 323.2 17.5 -33.7118 310.64 -5.6 284.586 335.77 40.7 -301.834 201.838 -31.1 538.436 428.82 28.3 -571.174 74.909 -62.4 384.406 530.79 -184.4 121.846 133.466 145.1 14.1772 -64.49 257.5 222.336 -48.05 287.8 -237.474 -400.44 80.9 104.896 -231.83 -65.8 -473.854 -608.73 -152 148.846 -620.98 2.4 1.9838 -112.11 2730.3
0.3261 117.73 505.47 -105.5 122.23 326.46 12.6 -36.2065 308.72 -11.8 280.66 344.19 37 -303.51 190.91 -38.5 533.13 437.4 35.7 -570.971 56.708 -61.3 408.85 540.36 -196.7 123.6 137.388 141.1 21.3325 -63.28 253.7 228.589 -40.08 285.7 -228.091 -400.63 74 114.749 -213.48 -81.3 -470.16 -594.93 -164.5 163.73 -601.06 -10.7 -3.4295 -115.51 2728.1
0.3393 112.464 493.1 -103.7 117.714 313.27 14.9 -39.9593 291.99 -11.6 275.394 334.54 41.4 -307.806 169.638 -39.5 521.514 428.38 39.6 -574.176 33.405 -62.8 416.684 543.25 -199.8 121.424 124.717 144.2 22.0317 -77.74 256.2 228.234 -49.92 290.9 -233.376 -415.25 84.4 110.844 -229.15 -71.4 -483.546 -609.11 -161.9 160.834 -614.44 -1.6 -2.1737 -103.92 2721.3
0.3525 106.801 494.33 -95.9 115.621 311.81 18.1 -41.447 287.57 -9.6 272.701 336.04 45.8 -310.829 170.443 -42 517.331 432.84 36 -574.149 27.73 -64.3 418.441 565.78 -196.3 122.781 121.267 144.3 27.23 -85.12 252.3 232.631 -53.43 288.5 -234.809 -417.37 79.6 112.941 -238.01 -76.9 -487.929 -615.55 -168.3 164.441 -620.66 -3.5 -3.131 -110.08 2720.5
0.368 97.5272 488.46 -89.9 110.023 303.2 19.2 -46.5158 276.67 -9.6 266.573 329.72 47.9 -313.557 162.382 -43.2 514.033 419.6 35.2 -572.777 14.474 -68.2 398.663 572.65 -177.5 120.153 110.52 141.8 27.9272 -99.5 245.7 232.633 -64.82 283.2 -243.247 -423.95 72.1 110.283 -241.03 -82 -494.837 -618.87 -173.2 160.033 -621.85 -7.8 -1.9032 -103.7 2718
0.376 93.3243 492.4 -105.7 108.536 309.86 11.4 -47.2857 279.68 -17.6 264.366 340.04 40.4 -311.974 165.235 -46.7 516.806 419.84 34.6 -567.974 15.895 -71.7 379.846 588.59 -154 121.466 120.644 139 32.4883 -88.31 247.6 236.306 -48.84 285.5 -243.004 -414.94 85.3 111.116 -217.19 -71.8 -493.894 -600.92 -165.6 160.486 -605.1 6.8 -4.7863 -108.38 2717.6
0.3838 91.8081 490.83 -103.8 107.531 305.67 10.5 -47.8539 274.02 -19.4 262.921 337.32 40.4 -312.339 156.947 -51.1 514.051 403.26 37.1 -567.209 7.122 -68.5 356.501 587 -120.6 122.141 115.24 136.2 35.1421 -95.88 242.3 238.341 -54.49 281.4 -238.249 -426.06 83.2 111.141 -233.22 -74.8 -495.209 -615.6 -173.7 162.831 -619.18 -2 -5.5311 -101.52 2716
0.3916 97.857 497.73 -104.5 113.96 313.99 10.6 -41.1 281.49 -20.2 269.02 346.48 41.4 -304.55 168.302 -54.4 516.65 401.46 37.1 -559.1 17.819 -70.7 338.89 591.92 -91.1 128.69 123.982 137 42.027 -87.27 243.2 244.81 -44.78 283.5 -234.51 -416.03 86.5 114.63 -223.74 -72.9 -490.4 -604.58 -166 169.47 -610.72 4 -12.89 -113.09 2715.9
0.3999 90.9848 491.94 -111.3 107.405 309.15 7.1 -48.0372 276.92 -22 262.847 341.38 36.3 -306.733 159.557 -55.6 514.367 388.15 40.2 -560.003 9.538 -76.2 323.277 578.34 -71 122.467 120.499 135.5 35.8868 -89.23 244.8 239.187 -47.07 282.9 -239.143 -416.86 83 113.077 -227.2 -73.5 -494.153 -600.72 -163.8 166.007 -612.18 4 -9.4768 -103.46 2715.3
0.4078 93.0254 505.83 -97.2 105.479 316.33 9.5 -50.6816 287.85 -19.5 261.649 344.81 38.4 -310.921 156.089 -57.2 510.109 378.87 45.8 -567.581 12.182 -75.6 322.479 570.29 -68.4 118.469 122.576 129.9 29.3144 -89.81 231.3 233.599 -52.55 269.2 -240.601 -424.04 74.6 111.799 -240.51 -87.5 -496.561 -609.06 -177.5 162.259 -621.5 -10.8 -5.2394 -100.53 2714.5
0.4203 87.2624 508.765 -92 101.494 316.075 9.8 -55.1486 289.105 -18.1 258.132 343.035 37.7 -312.548 153.384 -56.8 510.462 374.755 43.3 -571.608 11.617 -78.7 324.362 567.465 -73.9 114.512 119.821 126.2 25.0974 -94.055 224.4 229.952 -58.795 260.9 -243.778 -431.865 73.7 115.612 -244.965 -79 -494.158 -614.685 -166.4 159.842 -625.455 -3.2 -2.5524 -96.595 2715.4
0.4388 85.7554 509.716 -85.4 98.3244 314.936 12.3 -58.8916 290.266 -14.5 255.534 339.606 39.2 -316.906 156.486 -57.1 504.594 374.136 39 -576.886 18.707 -79.9 323.394 564.176 -92.1 110.584 115.725 123.7 20.0384 -99.614 217.6 225.664 -67.344 252.7 -249.306 -437.964 68.7 119.784 -249.584 -80.3 -487.546 -619.934 -158.7 153.894 -633.834 -4.8 2.8156 -90.576 2714.4
0.4542 79.655 507.652 -84.8 93.897 313.702 10.4 -63.685 289.652 -14.9 251.487 337.762 35.6 -322.123 164.77 -55.5 503.627 377.562 28.6 -579.343 23.41 -82.9 332.137 565.692 -115 107.547 112.162 117.3 18.155 -105.118 207.8 224.247 -73.648 240.8 -253.363 -444.148 64.6 124.567 -255.048 -79.5 -479.683 -625.898 -151.9 151.627 -637.178 -8.8 7.053 -86.302 2717.6
0.4625 73.142 507.2 -86.9 87.44 314.37 9.5 -70.467 290.36 -13.7 245.35 338.39 32.7 -331.47 158.563 -50.5 496.4 371.98 19.5 -589.73 22.18 -89.1 335.48 560.49 -133.7 101.95 113.87 118.4 13.191 -102.34 212.2 219.71 -70.93 242.5 -263.72 -439.39 74.9 124.34 -246.15 -64 -474.48 -623.39 -132.6 146.87 -632.21 -0.7 14.95 -73.34 2719.1
0.4703 68.676 508.52 -89.7 85.214 317.13 9.6 -72.875 291.85 -10.7 243.304 342.4 29.9 -339.336 162.583 -43.3 494.104 378.31 10.2 -594.996 27.354 -97 348.564 556.24 -169.9 102.864 117.848 120.3 17.113 -97.96 217.7 223.904 -64.9 244.3 -253.816 -437.33 74.4 130.184 -253.71 -61.9 -458.276 -636.02 -128.3 148.944 -640.74 0.8 20.586 -63.49 2721.6
0.4779 63.148 511.263 -91.8 79.42 320.083 9.3 -79.246 296.443 -8.1 238.09 343.723 26.8 -349.34 166.003 -31.9 492.38 382.883 0.9 -600.16 25.816 -101.2 356.08 544.563 -200.2 96.81 121.086 120.7 10.427 -93.367 220.6 217.96 -62.457 243.4 -261.78 -428.867 70.7 121.95 -266.087 -67.2 -455.42 -644.287 -127.1 134.83 -649.597 -2.9 27.47 -51.963 2723
0.4855 60.109 515.681 -84.2 76.211 322.091 12.2 -82.918 300.061 -3 235.341 344.111 27.4 -357.639 169.091 -25 487.221 399.491 -17.6 -602.939 22.258 -105.7 374.851 531.011 -246.8 93.711 121.148 119.9 7.149 -94.199 217.7 215.271 -65.389 237.6 -257.209 -433.099 61.7 127.071 -281.479 -66.2 -433.829 -662.549 -127 132.511 -665.739 -6 31.669 -43.051 2725.6
0.4931 54.329 519.464 -82.5 73.088 324.314 11.7 -86.276 302.474 -1.3 232.458 346.154 24.7 -363.102 172.614 -19.7 486.838 417.284 -32.5 -602.792 29.8462 -118.9 397.828 505.624 -286.7 92.208 122.163 116.9 7.115 -94.266 213.5 215.538 -65.709 230.5 -250.372 -438.036 56.6 130.738 -284.536 -66.4 -399.702 -675.856 -116.9 129.958 -671.666 -7.8 33.592 -33.584 2730.5
0.5005 49.28 528.999 -84.8 67.062 334.769 10 -92.802 315.149 0.4 226.922 354.399 19.6 -365.828 182.219 -11.7 487.642 431.549 -52.1 -596.748 38.16 -126.2 419.942 474.829 -326.7 85.602 132.409 114.9 -0.413 -82.791 213.6 208.712 -57.118 226.1 -251.698 -424.161 42.5 133.492 -358.051 -43 -366.098 -678.831 -100.5 123.282 -672.531 -8.5 36.068 -26.699 2733.6
0.5085 37.194 528.169 -78.3 56.059 332.659 12.4 -104.105 314.399 5.1 216.219 350.929 19.7 -378.311 188.769 3.4 477.429 432.889 -69.7 -588.241 40.372 -140.9 438.429 422.649 -351.9 74.749 128.409 113.5 -11.282 -87.801 209.8 198.179 -63.909 219.3 -243.671 -433.911 23.6 135.019 -416.671 -18.8 -319.941 -703.761 -87.4 118.269 -693.441 -15.1 46.391 -15.989 2738
0.5165 15.942 523.307 -74 38.551 328.327 17.7 -121.627 309.267 14.2 198.731 347.397 21.1 -394.119 192.397 15.1 456.761 435.927 -84.5 -591.839 42.7349 -147.5 448.641 370.837 -363.5 60.761 123.627 117.1 -21.78 -93.5421 214.3 187.741 -68.6001 218.8 -234.819 -444.253 14.5 128.621 -447.273 -3.4 -272.839 -718.963 -64.1 106.631 -709.393 -13.9 60.139 -3.5069 2738.1
0.5245 -4.187 515.589 -72.7 22.909 322.969 21.3 -136.986 301.709 22.3 182.803 344.219 20.2 -403.587 197.059 27 435.853 438.839 -109.7 -580.497 43.262 -156.6 458.233 323.639 -368.7 50.643 119.359 121.5 -26.214 -98.15 222.4 182.963 -70.342 221 -215.117 -458.761 16.7 126.283 -463.251 9.2 -221.047 -729.681 -42.7 99.353 -720.071 -11.6 72.107 10.851 2740
0.5325 -23.903 523.069 -74.5 6.642 332.429 20.2 -153.074 310.569 25.7 166.353 354.279 14.6 -418.127 208.259 32.1 420.593 448.179 -134.8 -569.727 45.112 -169.5 465.903 289.259 -363.9 37.883 129.949 121.7 -35.324 -86.813 226.8 173.573 -58.225 219.6 -210.707 -456.211 23.9 110.593 -455.481 9.8 -180.486 -730.791 -27.4 83.643 -721.621 -16.2 80.907 17.171 2742.9
0.5404 -39.172 526.293 -75.9 -6.189 337.553 20.1 -165.638 314.803 29.2 153.261 360.293 11 -424.389 224.963 35.6 396.471 451.943 -152.9 -552.719 54.525 -174.5 465.341 262.383 -352.1 28.391 135.963 122.3 -41.288 -80.497 230.5 167.231 -50.752 218.6 -191.119 -458.777 24.3 107.381 -451.977 11.4 -132.013 -746.987 -4.6 77.291 -732.617 -17.7 88.789 20.227 2745.4
0.5486 -57.015 519.21 -81.8 -16.286 334.9 17.9 -174.733 307.45 30.1 142.156 362.34 5.7 -432.724 229.19 35.1 380.196 453.72 -165 -530.604 59.188 -187.6 457.576 245.07 -346.4 26.186 136.08 122.3 -34.983 -80.691 234.6 172.316 -44.788 218.6 -157.046 -458.52 11.2 113.666 -445.81 8.6 -83.053 -811.06 51 86.546 -735.71 -19.3 94.434 24.38 2750.3
0.5618 -65.425 522.471 -83.6 -22.965 337.281 17.6 -181.138 308.941 32 135.208 365.631 3.3 -438.232 229.211 40.1 370.728 447.991 -169.5 -501.672 59.92 -194 442.098 231.741 -346.4 22.018 139.451 123 -36.389 -76.925 237.7 170.408 -39.862 218.9 -168.666 -406.179 -19.6 105.068 -442.949 14.1 -66.448 -781.859 66.3 76.318 -738.149 -21.4 94.592 27.559 2752.1
0.5809 -77.755 521.69 -87.4 -30.444 339.79 15 -188.026 308.5 29.9 127.141 371.08 0.1 -439.589 229.18 38.6 367.391 449.07 -163.7 -476.409 68.288 -206.1 410.021 230.92 -344.3 18.591 143.32 121.1 -35.412 -73.613 237 170.671 -32.6965 217.5 -158.478 -388.02 -30.9 112.361 -436.47 11.3 -47.027 -777.59 75.5 77.931 -742.74 -29.7 93.269 25.71 2756
0.5949 -85.3702 527.997 -87.4 -34.934 346.037 15.7 -191.992 312.037 30.4 122.118 380.047 1.1 -436.372 226.777 48.8 365.118 447.227 -153.8 -442.062 74.334 -201.7 378.608 235.317 -346.8 17.318 150.457 122 -33.12 -67.362 237.9 172.278 -22.888 218.7 -151.413 -377.353 -32.7 126.758 -426.923 9.9 -32.08 -773.903 80.6 78.988 -743.583 -34.9 88.712 23.173 2756
0.608 -92.6426 538.775 -95.8 -39.705 360.805 13 -196.091 323.395 26.3 116.679 398.225 -0.3 -433.541 240.625 53 363.219 449.825 -140.7 -409.881 92.915 -198.1 329.609 246.135 -340.2 15.669 168.825 124 -31.23 -47.623 243.8 173.319 1.311 226.3 -139.033 -356.885 -22.9 149.129 -404.665 18.4 -19.179 -758.785 91 83.659 -730.815 -31.4 84.651 11.865 2755.9
0.6211 -104.814 544.253 -103.9 -48.496 370.663 8.7 -204.085 329.873 21.4 107.085 411.463 -4.1 -434.735 248.433 42.1 349.155 464.023 -141.2 -386.625 103.273 -201.2 259.225 264.033 -322.6 10.417 181.573 122.8 -32.415 -34.2005 245.2 171.075 19.1525 228.6 -133.409 -350.167 -29.9 173.225 -380.287 8.4 -20.982 -735.117 70.1 102.335 -727.957 -45.2 85.255 -0.17251 2759.8
0.6298 -113.297 555.033 -106.5 -56.797 381.563 7.9 -212.065 339.093 19.2 98.475 424.033 -3.4 -437.115 255.303 36.3 328.835 467.093 -138.9 -360.975 116.643 -203.5 189.375 277.633 -299.6 3.097 193.293 123 -38.533 -22.738 245.5 164.515 32.802 230.7 -119.275 -375.627 -7.9 197.715 -356.177 -3.8 -29.418 -712.207 56.2 136.825 -709.157 -58 86.365 -11.173 2759.2
0.638 -122.689 557.2 -98.9 -64.709 380.51 10 -219.783 337.46 22.1 90.357 423.56 -2.2 -439.273 252.79 27.1 309.707 459.17 -136.4 -328.333 121.68 -199.7 119.527 295.94 -277.7 -3.268 190.73 121.7 -43.22 -27.206 241.4 159.567 29.091 225.5 -108.928 -404.06 7.5 221.387 -354.6 -12 -34.052 -715.21 39.6 188.507 -700.53 -74.5 85.893 -14.72 2760.1
0.6512 -144.007 568.452 -92.4 -84.282 389.152 11.7 -239.182 345.952 25.4 70.618 432.362 -2.1 -452.212 255.132 21.3 285.288 464.802 -134.5 -304.852 143.502 -195.1 53.628 324.512 -239.9 -21.348 197.972 120.1 -59.709 -21.467 237.6 142.878 35.0362 219.6 -114.702 -407.118 6.9 235.118 -343.658 -15.9 -45.871 -705.988 32.5 234.328 -678.838 -79.5 94.502 -29.092 2759.8
0.6595 -165.928 576.99 -79.1 -106.519 392.45 14.6 -261.23 350.76 33.3 48.2 434.15 -4.2 -464.06 249.89 17.9 244.22 450.09 -136.9 -292.99 155.18 -195.3 -18.869 343.93 -207.8 -41.875 198.61 117 -78.454 -22.502 231.8 123.99 32.0555 207.2 -121.582 -418.92 13.4 251.4 -341.88 -18.4 -54.983 -705.15 28.6 284.58 -671.14 -93 108.09 -39.84 2757.6
0.6676 -187.077 588.859 -61 -125.029 400.159 22.4 -279.36 356.789 40.8 29.3 443.529 4 -458.62 240.369 17.3 194.52 435.479 -149.7 -273.99 167.009 -196.7 -88.481 353.409 -186.2 -58.382 203.349 117.5 -92.636 -21.805 224.6 109.17 34.903 200.5 -124.409 -422.511 9.6 270.4 -333.771 -11.2 -65.102 -692.501 24.8 340.74 -659.931 -98.2 118.66 -52.339 2754
0.6808 -207.615 600.972 -50.6 -145.095 410.182 26.8 -299.26 366.472 46 9.07 453.892 7.6 -454.98 231.472 9.8 139.09 416.512 -158.8 -257.58 185.242 -197.6 -155.07 358.512 -178.1 -77.472 211.582 117.5 -110.648 -15.6 220.8 90.95 41.56 195.6 -134.513 -421.048 12.3 284.07 -320.848 0.6 -78.061 -675.968 29.5 391.87 -652.328 -107.9 131.99 -65.952 2750.9
0.6892 -223.886 610.875 -44.2 -161.254 418.365 29.4 -315.22 375.225 51.2 -7.29 461.515 7.5 -443.97 224.855 -0.3 91.58 396.335 -163.5 -241.13 196.435 -202.1 -207.443 362.405 -183.4 -92.834 218.595 117 -125.104 -9.387 218.9 76.28 47.046 190.3 -138.556 -419.465 18.2 295.58 -308.535 10.1 -89.13 -662.585 30.4 440.21 -648.735 -115.2 140.44 -78.585 2748.1
0.6971 -233.679 620.39 -29.4 -171.303 424.65 36.7 -325.12 380.61 57.9 -17.49 468.69 15.5 -413.94 217.79 -10.8 28.32 386.55 -165.9 -215.529 200.98 -210.8 -266.58 351.23 -189.5 -102.168 223 119.3 -133.611 -7.441 215.7 67.54 50.15 187.9 -139.057 -419.2 17.5 312.33 -299.18 29.8 -91.279 -658.82 29.8 487.31 -643.89 -118.4 145.2 -87.66 2746.7
0.7057 -237.646 621.066 -32.9 -172.694 426.696 38.4 -326.11 385.646 66.3 -19.28 467.746 10.5 -388.07 213.366 -18.3 -35.96 360.776 -170.9 -192.363 189.416 -218.6 -324.59 322.706 -210.7 -103.6 225.526 122.3 -134.928 -2.502 224.5 65.92 51.24 188 -137.271 -413.294 23.8 329.98 -290.624 43.4 -91.683 -648.084 38.6 527.38 -637.544 -119.2 144.24 -87.306 2745.3
0.7135 -242.37 623.226 -23.4 -176.199 429.366 45.8 -327.18 392.266 86.7 -25.22 466.466 5 -343.83 209.866 -23.9 -95.719 350.896 -178.7 -165.077 188.081 -231.9 -375.41 286.196 -228.4 -104.845 227.616 126.3 -132.532 1.521 233.7 65.55 50.193 180.1 -136.663 -404.774 24 338.33 -293.744 57.1 -88.055 -648.064 36.7 559.07 -640.854 -128 142.25 -94.326 2745.8
0.7214 -245.37 625.843 -17.8 -179.03 430.683 48.2 -327.77 396.823 98.9 -30.29 464.543 -2.4 -317.48 208.503 -36.9 -146.877 338.913 -193.2 -135.301 188.684 -242.4 -418.81 248.523 -245.1 -106.527 228.143 125.7 -131.299 3.463 236.3 63.25 47.753 170.1 -138.499 -390.877 6.1 345.01 -295.927 67.5 -86.759 -642.357 26.9 574.2 -642.587 -125.2 142.07 -97.723 2744.3
0.7296 -252.81 626.66 -15.2 -187.09 432.92 49.7 -334.01 400.2 106.7 -40.17 465.65 -7.2 -322.6 217.86 -61.8 -201.249 337.56 -196.2 -112.996 195.705 -254.9 -462.71 220.43 -265.8 -112.654 230.35 125.3 -134.173 6.4 238.1 57.74 49.152 163.7 -144.97 -377.23 -9.2 343.81 -298.11 91 -89.088 -636.54 29 574.76 -639.64 -109.3 147.82 -109.01 2744.2
0.7403 -248.84 620.53 -11.6 -182.365 424.53 48.6 -329.33 388.93 104.3 -35.4 460.12 -7.1 -309.87 227.85 -78 -232.763 331.82 -191.9 -85.627 197.756 -262.5 -479.18 185.104 -278.7 -106.212 220.89 119.4 -126.041 -5.99 226.5 65.92 40.505 153.8 -158.546 -320.76 -73.2 348.13 -312.26 88.2 -82.605 -639.42 13.9 583.45 -644.03 -106.4 142.57 -111.02 2744.4
0.7523 -257.49 626.95 -9.1 -186.459 429.85 49 -333.5 389.51 101.3 -39.42 470.18 -3.2 -292.98 239.07 -89.5 -262.45 340.07 -187 -74.749 206.474 -264.3 -494.79 171.253 -283.7 -106.651 226.56 116.7 -122.979 -3.11 218.5 69.3 49.638 150.1 -171.398 -268.79 -108.2 347.39 -309.31 102.6 -77.928 -621.12 21.4 582.74 -627.57 -102.2 145.88 -119.63 2740.3
0.7601 -256.62 620.38 -12.2 -183.648 425.32 46.5 -330.52 382.61 97.7 -36.78 468.02 -4.6 -279.01 244.76 -98.2 -274.74 342.26 -185.4 -71.426 224.03 -272 -501.81 162.808 -286.4 -101.482 222.625 113.2 -115.301 -7.97 213.4 76.67 47.841 146.5 -173.727 -262.13 -105.3 346.07 -319.33 113.4 -73.492 -616.3 34 585.96 -634.55 -100.5 145.46 -123.53 2743.1
0.7681 -258.19 618.08 -2.3 -183.226 421.47 51.5 -329.37 377.39 103.7 -37.08 465.55 -0.8 -265.71 237.46 -93.5 -277.58 330.18 -180.2 -65.617 229.67 -271.9 -505.36 150.718 -283.9 -99.88 217.557 112.6 -112.073 -15.18 207.8 79 42.456 139.6 -185.446 -257.61 -120.1 347.85 -323.87 92.6 -78.829 -613.19 31 583.55 -636.57 -110.4 144.93 -118.34 2741.5
0.7761 -253.85 619.78 10.8 -182.422 421.1 57.5 -326.88 379.59 115.8 -37.97 462.61 -0.9 -260.31 227.45 -97.2 -277.18 317.14 -180.5 -63.698 227.65 -278.2 -507.67 138.981 -279.7 -100.774 214.93 112.9 -113.654 -18.41 206.5 75.4 35.922 130.2 -189.602 -258.85 -110.5 345.93 -330.44 91.7 -81.293 -615.14 38 579.31 -643.56 -114.6 143.77 -110.34 2746.2
0.7841 -256.16 620.82 7.3 -184.98 424.6 56.8 -328 386.72 120.7 -41.96 462.47 -7.2 -265.01 230.83 -81 -277.46 324.72 -172.6 -67.408 234.61 -276.1 -513.07 153.967 -270.4 -104.629 218.44 114.4 -117.838 -12.5 213.8 69.28 37.059 130.1 -194.481 -258.16 -104.4 343.15 -325.97 83.4 -80.826 -619.31 46.4 582.25 -645.2 -116.2 147.29 -114.27 2747.5
0.8028 -251.78 623.94 15.6 -182.594 425.81 61.6 -324.45 389.81 129.3 -40.74 461.81 -6 -256.83 233.53 -85.8 -269.54 319.44 -171.1 -62.477 229.97 -273.6 -507.68 154.975 -271.6 -103.562 218.52 117 -117.263 -12.31 216.7 68.2 34.757 128.2 -190.012 -252.78 -98.8 347.45 -320.76 62.6 -81.185 -620.35 41.1 585.16 -641.88 -126.4 140.93 -103.74 2747.1
0.8154 -244.12 630.906 28 -179.406 427.746 66.4 -320.49 393.276 136.6 -38.327 462.216 -3.8 -271.27 228.046 -90.5 -262.59 316.426 -170.2 -70.18 217.776 -269.6 -502.18 158.551 -270.4 -103.141 218.206 116.8 -119.101 -13.864 213.1 65.35 31.203 121.3 -181.343 -259.404 -92.4 348.6 -318.114 41.1 -78.929 -629.694 33.6 587.46 -650.764 -138 135.76 -90.126 2748.7
0.8268 -237.12 627.777 29.8 -172.004 425.347 67.2 -313.64 390.457 136.2 -30.365 460.227 -1.8 -276.17 223.177 -86.7 -252.83 317.377 -174.5 -76.734 213.317 -275.1 -498.18 178.63 -273.7 -96.18 215.387 116.7 -112.95 -17.385 211.3 72.24 28.226 121.1 -166.844 -267.653 -75.8 357.34 -316.813 29.1 -67.137 -639.293 35.6 592.3 -654.343 -141.4 129.42 -79.717 2753.3
0.8376 -228.57 638.401 31.8 -167.321 434.761 67.2 -309.3 401.441 136.3 -25.34 468.081 -1.9 -286.62 220.481 -59.3 -243.44 319.081 -176.2 -108.381 219.081 -276.1 -497.24 207.921 -270.2 -94.276 223.501 115.4 -114.064 -9.536 208.8 71.6 34.04 118.4 -166.643 -261.559 -67 351.13 -307.079 0.8 -71.789 -637.389 32.2 572.01 -650.719 -150.2 127.74 -74.251 2754.1
0.8458 -215.859 638.756 35.5 -158.94 434.786 68.9 -302.96 402.566 134.1 -14.91 466.996 3.7 -324.26 207.446 -69.2 -220.27 321.346 -180.8 -139.423 211.796 -292.4 -484.8 240.116 -266 -90.437 221.566 114.9 -116.145 -12.728 203.5 72.28 29.415 118.3 -166.378 -273.004 -63.5 342.95 -315.284 -10.2 -71.451 -650.414 28.6 540.47 -654.994 -144.9 119.95 -60.896 2754.2
0.8572 -203.519 635.294 34 -147.335 432.394 73.9 -292.9 402.704 136.8 -1.77 462.084 11 -323.21 216.824 -67.6 -190.224 320.234 -183.4 -168.154 212.864 -307.9 -461.04 286.964 -272.5 -81.76 219.494 125.1 -111.38 -12.827 217.5 79.01 26.005 135.3 -153.025 -282.266 -35.2 336.63 -323.626 -6 -55.062 -657.476 52.9 510.05 -644.286 -121.5 110.53 -48.544 2757.6
0.8679 -190.222 631.094 31.8 -136.857 427.224 71 -286.041 396.554 123.1 12.319 457.894 18.9 -329.211 213.464 -59.3 -149.734 318.734 -173.7 -204.131 205.764 -315.2 -411.221 323.654 -284.5 -74.94 213.204 122.3 -110.797 -20.929 207.7 84.749 19.275 139.4 -128.858 -361.016 -19.3 317.709 -337.376 -22.9 -49.342 -677.666 28.6 469.359 -631.076 -133.1 99.391 -31.384 2759.7
0.8761 -171.14 625.484 28.8 -119.426 418.474 69.7 -271.473 385.764 110.3 32.617 451.194 29 -353.623 222.614 -48.1 -106.88 320.714 -166.3 -243.633 215.314 -316.2 -338.903 385.064 -305 -59.298 204.174 122.1 -98.739 -31.543 201.1 100.397 11.3057 147.9 -96.852 -419.626 19.4 310.807 -359.306 -14 -28.256 -703.326 33.5 436.527 -615.936 -122.9 86.673 -18.584 2763.7
0.8838 -151.152 608.884 19.8 -100.134 401.904 63.5 -253.726 367.994 97.6 53.464 435.814 29.5 -373.136 212.744 -42.9 -52.768 320.784 -165.5 -298.816 225.034 -322.3 -251.226 420.474 -326.3 -41.057 187.394 116.4 -82.308 -49.2651 191.5 118.344 -4.96697 147 -75.1965 -462.576 35.9 299.974 -385.066 -26.3 -11.198 -727.656 25.6 404.474 -603.346 -134.4 72.156 5.2661 2772.7
0.892 -134.459 603.635 25.1 -87.008 394.845 68.2 -242.441 361.545 93.2 68.419 428.155 43.1 -389.071 219.675 -35.5 12.078 317.835 -163.4 -341.361 249.075 -317.2 -151.388 448.705 -345.4 -32.571 178.555 118.4 -79.791 -59.526 185.1 123.519 -15.966 152.3 -69.711 -488.735 54.9 287.459 -338.395 -105.9 -12.422 -746.235 18.8 359.439 -587.625 -134.2 58.181 27.255 2778.3
0.9 -112.917 572.627 15.4 -73.298 365.937 71.6 -230.761 337.777 88.9 84.159 394.107 54.4 -404.611 220.077 -25.1 78.999 304.847 -155.2 -379.211 262.187 -304.6 -61.824 458.927 -343.5 -28.136 150.537 132.1 -85.268 -83.166 203.8 119.319 -46.568 181.4 -57.138 -518.903 82.2 260.589 -234.753 -129.3 -5.894 -786.113 33.3 311.579 -568.863 -98.4 45.461 62.453 2781.4
0.9078 -98.745 558.584 15.9 -63.897 350.664 71 -222.359 324.404 82.5 94.571 376.934 59.6 -415.109 206.354 -10.6 133.691 288.764 -144.7 -415.929 286.794 -282.5 44.506 475.884 -327.2 -23.623 134.054 131.3 -86.56 -99.676 199.1 119.861 -65.46 184.2 -36.3301 -533.386 71.8 244.091 -148.922 -176.6 9.993 -813.756 6.9 283.581 -530.976 -116.6 40.539 93.376 2788.7
0.9159 -82.939 537.92 4.6 -53.012 332.16 67.4 -212.291 308.97 75.6 106.269 355.34 59.2 -414.031 205.45 -1.4 183.379 274.57 -131.6 -445.401 322.57 -260.6 137.589 488.79 -304.2 -18.18 116.5 134.1 -87.276 -114.278 206.2 120.579 -84.024 195.5 -21.724 -546.01 75.5 217.599 -108.211 -179.2 13.193 -848.36 8 251.339 -516.24 -105.3 33.191 118.94 2794.5
0.9243 -74.414 540.98 4.6 -47.683 333.23 64.3 -207.455 313.22 73.1 112.085 353.24 55.4 -422.455 209.73 2.3 218.255 283.78 -118.7 -464.045 370.84 -229.3 205.785 520.23 -269.7 -16.949 115.75 127.3 -90.563 -114.799 196 118.135 -88.66 184.5 -10.605 -542.6 58.8 192.595 -73.219 -209.5 16.313 -859.1 -12.3 225.975 -493.23 -125 30.515 131.47 2801.2
0.9324 -64.686 529.35 1.3 -42.365 323.22 59.8 -202.569 306.46 68.4 117.831 339.99 51.1 -423.569 225.15 1.4 253.781 285.68 -104.1 -470.769 421.83 -195.9 252.371 545.96 -216.7 -16.167 104.8 121.8 -94.666 -124.585 189.4 114.731 -102.677 178.1 -6.241 -551.86 54.1 166.201 -59.815 -214 17.314 -881.58 -18.7 198.391 -487.82 -115.8 27.099 142.45 2807.9
0.9406 -56.592 529.85 -4.5 -37.704 322.62 53.9 -198.246 307.7 59 122.834 337.54 48.8 -430.216 245.11 5.7 279.954 290.9 -96 -454.736 478.57 -151.7 271.134 565.63 -155.9 -15.399 103.34 114.5 -98.057 -125.692 178.5 111.874 -106.182 171.8 2.291 -548.87 38.3 154.104 -46.62 -219.9 20.979 -883.22 -29.3 177.204 -471.12 -108.3 26.496 151.17 2816.4
0.9493 -48.622 524.92 -0.8 -32.9825 315.54 52 -193.77 302.61 53.2 127.8 328.48 50.7 -428.58 257.52 16.5 307.99 296.03 -85.8 -418.96 511.52 -97.8 262.87 575.85 -94 -14.765 94.2 105.8 -101.688 -135.602 160.3 108.59 -118.685 158.7 11.351 -555.38 19.4 141.25 -55.49 -242.8 19.585 -902.92 -45.2 159.3 -480.74 -113.5 25.3 168.06 2824.5
0.9573 -43.782 533.06 9.1 -30.7523 321.41 52.8 -191.758 311.07 53.9 130.252 331.75 51.6 -431.218 270.98 31.9 329.072 307.24 -60.6 -379.568 533.36 -49.4 239.672 580.08 -52.8 -16.07 97.85 97 -106.653 -132.484 142 103.872 -118.964 140.5 19.495 -551.43 10.3 132.432 -70.2 -255.4 20.015 -905.9 -53.6 142.452 -496.83 -118.2 26.558 176.81 2831
0.9658 -40.966 539.92 22.6 -30.8262 327.89 56.4 -191.947 319.42 55 130.303 336.35 57.7 -436.017 289.33 52.7 348.123 326.07 -35 -347.647 548.65 -32.5 210.273 580.56 -23.4 -19.2626 102.42 90.1 -113.06 -128.584 123.1 97.663 -117.514 124.8 22.502 -548.87 6 128.443 -100.794 -263.4 16.717 -913.39 -60.4 131.953 -524.61 -113.4 28.757 183.51 2837.7
0.9739 -41.5233 559.28 39.5 -33.495 344.71 63 -194.736 338.73 61 127.744 350.68 65 -438.216 314.87 72.2 362.354 354.28 -8 -317.696 562.12 -19.1 190.784 591.09 -9 -25.364 117.77 85.3 -122.668 -113.079 106.3 88.204 -105.266 108.9 25.182 -531.85 -1 128.324 -127.939 -275.4 9.902 -908.78 -64.7 122.084 -547.35 -115.4 32.096 180.03 2841.9
0.9818 -42.1549 569.72 46.8 -37.536 354.62 68.4 -198.855 351.38 66.2 123.785 357.85 70.6 -448.585 342.25 95.3 371.695 382.45 25.8 -303.095 568.28 -16.9 175.205 592.27 -14.9 -33.1932 126.9 84.7 -134.345 -102.926 99.5 76.645 -98.696 102.4 26.398 -520.95 10.6 129.105 -162.789 -274.7 3.359 -910.27 -60.3 116.975 -587.99 -105.7 37.525 179.2 2845.2
0.9954 -47.8402 597.5 60.6 -42.9488 381.87 75 -204.25 378.83 70.9 118.35 384.91 79.2 -444.68 381.82 111.5 373.46 416.99 52.8 -302.76 589.73 -28.2 173.2 608.05 -26.6 -38.8749 153.67 83.8 -140.276 -76.514 89.8 70.67 -72.541 95.2 27.408 -494.68 14.6 132.39 -180.208 -283.1 4.112 -894.49 -65.3 121.33 -607.31 -110.6 42.19 165.37 2848.2
1.0094 -50.6496 617.06 67.8 -45.5087 400.47 80.5 -206.781 397.4 74.9 115.759 403.54 86.1 -441.241 419.45 129 377.319 449.56 78.1 -308.291 605.56 -39.8 189.589 620.77 -43.2 -41.3239 172.03 85.2 -142.594 -58.417 86.2 68.319 -54.4 93.6 17.615 -482.37 31.1 132.839 -209.792 -277.6 0.74 -891.64 -63.4 124.809 -637.84 -116.9 44.521 157.63 2849.9
1.0209 -53.1411 636.27 82.6 -49.2095 420.22 88.7 -210.521 417.87 83.5 112.099 422.56 93.8 -441.481 470.79 136.9 372.299 490.83 97 -319.251 631.05 -58.1 197.239 646.05 -60.5 -45.8143 191.74 86.4 -147.899 -38.27 80.8 63.059 -35.2 87.5 14.125 -462.91 33.8 127.899 -240.202 -276.4 -5.218 -883.18 -66.2 124.879 -668.23 -132.5 49.611 143.26 2850
1.0328 -50.6878 645.48 88.7 -48.8499 428.27 92.4 -210.18 426.77 87.7 112.48 429.76 97.2 -442.68 501.98 135.6 369.71 512.99 108.1 -333.4 654.51 -79 215.93 669.11 -78.7 -46.5697 199.75 87 -149.791 -29.74 78.4 61.21 -27.78 84.6 11.298 -455.44 35.7 120.88 -278.73 -267.1 -6.685 -880.07 -62.8 126.88 -705.75 -135.6 50.24 141.55 2851.9
1.0487 -49.9344 648.03 102.4 -50.7328 431.66 96.6 -212.046 431.73 91.1 110.584 431.6 102.1 -447.536 514.89 134 370.154 522.92 113.3 -333.536 677.44 -73.9 227.044 696.18 -71.5 -50.3921 203.49 83.9 -155.546 -24.65 67.6 55.444 -24.74 74.8 5.698 -450.89 30 110.664 -314.95 -260.8 -10.582 -882.13 -72.4 129.164 -745.46 -145.6 54.336 141.86 2855.2
1.0565 -44.547 647.5 107.4 -46.2943 430.83 96.6 -207.526 431.51 89.3 114.934 430.15 104 -441.226 515.23 129.4 373.124 523.78 109.6 -321.556 701.49 -62.9 227.614 716.06 -55.6 -46.4807 202.86 79.8 -152.108 -24.66 58.1 58.774 -25.54 67.8 9.601 -451.48 31 108.314 -348.38 -240.8 -3.715 -886.71 -74.1 138.064 -781.14 -146.2 54.646 147.63 2858.7
1.0644 -40.129 649.11 109 -41.198 433.05 94.4 -202.421 433.58 86.6 120.019 432.52 102.2 -438.041 517.82 124.2 373.129 529.1 99.3 -302.211 721.16 -44.1 214.639 734.19 -40.3 -40.952 205.35 73.9 -146.132 -22.01 48.3 64.719 -22.7 58.6 8.651 -451.77 28.5 102.939 -377.14 -228.7 -0.604 -887.91 -79.7 140.809 -806.51 -151.4 54.261 146.11 2862.8
1.0724 -36.018 648.91 105.7 -36.585 433.36 90 -197.854 433.31 83.2 124.686 433.4 96.8 -433.824 514 113 373.766 532.13 90.6 -268.894 725.31 -13.1 200.866 752.03 9.7 -35.584 205.8 67.6 -140.045 -21.79 40.7 70.876 -21.73 49.6 10.57 -453.29 35.7 100.286 -413.52 -172.5 1.361 -890.36 -84 139.646 -822 -151.5 53.424 145.97 2866.5
1.0806 -33.662 648.47 105 -34.724 432.27 88.1 -196.044 432.58 82.7 126.596 431.96 93.5 -429.334 504.77 110.4 372.456 527.84 82.6 -240.624 713.78 15.3 182.986 747.28 51.2 -34.397 204.73 65.2 -139.567 -22.61 38.8 71.426 -23.01 45.9 3.611 -456.78 36.4 89.326 -440.31 -122.5 -4.672 -895.52 -88.7 131.006 -839.68 -144.1 56.134 147.21 2866.9
1.0886 -29.533 657 115.6 -32.361 440.57 89.9 -193.718 441.91 86.4 129.002 439.22 93.4 -425.318 495.61 105 373.072 519.09 75.7 -219.228 706.28 55.8 172.292 732.37 90 -33.616 213.82 60.8 -140.397 -12.04 29.3 70.652 -13.8 33.9 1.163 -446.83 32.6 66.612 -447.18 -90.7 -9.328 -886.51 -100.6 119.042 -837.71 -147.3 58.688 149.41 2869.1
1.099 -25.554 662.99 110.8 -30.334 447.12 87 -191.696 450.04 85.2 131.024 444.2 88.8 -430.346 478.73 111.2 378.844 515.47 71 -216.406 688.96 74.2 167.114 715.95 119.7 -34.12 220.35 58 -143.431 -4.51 27.8 67.624 -8.33 30.2 2.984 -436.01 56.8 56.734 -453.3 -43.3 -15.376 -893.29 -96.2 113.284 -854.32 -138.6 62.036 141.28 2868.4
1.107 -22.598 655.63 108.1 -27.97 441.01 83.6 -189.321 444.83 81.7 133.379 437.18 85.4 -435.001 461.54 107 390.949 506.15 64.1 -213.891 664.96 93.9 173.369 693.62 141.8 -32.98 214.52 52.4 -143.498 -9.46 20.1 67.519 -14.46 22.5 13.598 -436.7 57.9 53.119 -464.9 -30.5 -18.434 -897.94 -102.5 108.869 -868.59 -142.9 64.351 140.96 2868.3
1.115 -20.761 661.28 120.1 -27.576 446.3 87.1 -188.918 450.94 86.4 133.762 441.65 87.8 -432.948 454.75 108.7 395.892 514.03 65.8 -216.028 656.45 102.7 171.302 688.83 158.9 -33.917 220.73 50.4 -145.766 -1.8 13.2 65.252 -7.87 14.1 22.811 -421.29 74.9 47.132 -461.54 -10.6 -24.778 -885.65 -100.8 102.372 -863.46 -145.6 68.108 135.02 2866.9
1.1236 -17.694 660.44 113.7 -26.738 444.22 85.6 -188.027 450.45 85 134.543 437.99 86.2 -432.157 446.39 112.7 399.963 501.92 65.2 -223.617 654.7 96.1 173.173 682.04 146.8 -35.336 218.25 51.8 -149.408 -3.65 17.7 61.543 -11.8 18.5 40.973 -398.72 130.4 42.893 -467.12 2.3 -32.814 -894.54 -88.8 93.693 -873.01 -132.5 71.737 140.49 2865.6
1.1317 -17.392 653.04 113.2 -24.821 438 85.3 -186.114 443.77 86.9 136.466 432.24 83.7 -431.114 451.09 115 416.676 493.05 67.2 -226.494 662.37 91.6 189.366 677.01 141.6 -33.234 212.16 50.4 -147.128 -9.92 16.6 63.836 -17.46 14.5 52.106 -476.72 117.1 35.596 -472.85 -3.3 -31.489 -911.09 -99.3 94.816 -878.68 -139 73.894 140.86 2864.2
1.1455 -15.663 655.11 124.3 -23.241 439.61 89.6 -184.568 444.58 91.2 138.082 434.65 87.9 -433.398 457.47 116.4 410.272 491.46 56.6 -227.828 664.54 90.4 189.752 678.39 143.7 -30.57 214.5 50.2 -143.39 -7.36 11.8 67.592 -13.85 9.7 56.442 -508.93 117.2 8.556 -461.14 46.3 -29.669 -906.46 -108.8 97.012 -864.52 -135.8 76.288 143.5 2863.2
1.1589 -17.639 654.36 117.7 -24.879 439.38 87.5 -186.184 444.26 90.7 136.426 434.5 84.2 -437.774 461.5 118 396.556 502.01 61.6 -231.424 667.22 87.5 174.296 691.62 143.3 -32.433 213.76 51.1 -145.471 -8.67 16.8 65.496 -15.05 12.6 26.896 -474.02 37.5 19.216 -466.79 29.5 -35.613 -917.39 -102.2 93.186 -880.33 -135.2 81.734 142.48 2862.3
1.1668 -14.089 653.81 115.3 -23.236 437.04 86.4 -184.51 442.43 90.4 138.04 431.65 82.4 -435.91 467.67 114.6 392.25 500.43 68.4 -231.57 677.73 76.1 178.06 703.93 141.4 -31.659 211.21 51.4 -145.542 -11.1 19 65.38 -18.16 13.8 16.44 -459.57 30.9 30.53 -472.35 15.9 -37.446 -902.71 -91.5 90.92 -879.9 -135 84.4 148.32 2861.5
1.1747 -14.236 653.9 116.5 -22.785 437.65 88 -184.057 442.72 92.5 138.488 432.57 83.4 -430.722 481.71 112.4 388.858 502.1 71.3 -221.572 692.58 76.8 176.808 711.68 137.5 -30.885 211.82 52.8 -144.445 -10.69 20.6 66.478 -17.33 14.6 11.563 -450.91 20.7 39.398 -472.57 2.6 -39.627 -898.31 -86.7 89.568 -880.15 -131.2 87.962 147.78 2860.2
1.1878 -12.295 650.78 128.1 -22.731 434.58 91.9 -183.943 440.57 97.3 138.477 428.6 86.5 -428.923 471.91 121.3 392.867 497.09 73.7 -232.403 688.82 59.8 190.417 719.44 105.9 -32.413 209.56 52.5 -147.52 -11.56 16.6 63.327 -19.38 9.5 0.27 -449.01 2.4 37.297 -474.99 -9.9 -49.692 -894.85 -89.5 78.837 -880.66 -131.1 92.533 156.34 2859.5
1.1956 -12.323 645.51 124.2 -23.014 431.06 92.1 -184.176 437.64 98.3 138.15 424.48 85.9 -430.44 479.79 126 393.46 506.39 76.2 -246.09 700.78 39.2 206.42 743.13 85.1 -33.624 205.59 55.5 -149.626 -15.57 22.9 61.16 -24.17 14.8 1.083 -449.19 0.6 34.12 -480.19 -0.8 -54.96 -906.45 -79.4 72.77 -888.55 -116.5 95.75 159.33 2857.4
1.2032 -14.148 647.38 123.8 -24.874 433.05 94.9 -185.994 439.85 101.9 136.243 426.25 87.9 -426.737 490.56 135.4 393.213 515.86 79.5 -269.457 718.52 20.2 223.933 756.01 38.2 -35.925 207.34 59.8 -152.34 -13.93 29.4 58.393 -22.82 20.2 -3.744 -443.96 -20.3 37.123 -479.04 -0.7 -59.63 -901.74 -77.5 69.213 -887.69 -115.2 99.897 155.5 2854.3
1.2164 -11.962 649.55 112.7 -22.205 434.64 93.8 -183.353 442.42 98.1 138.94 426.86 89.4 -422.85 504.49 141.3 395.62 525.07 86.3 -293.67 732.23 -1.7 260.74 768.08 -0.5 -33.909 208.13 65.2 -151.01 -13.3 39.4 59.78 -23.47 33.7 -7.16 -439.75 -38.1 46.33 -480.26 26 -60.155 -898.39 -71.5 69.36 -884 -103.4 101.38 148.58 2851.1
1.2246 -11.699 650.1 111 -22.201 435.24 96.6 -183.363 443.52 99.6 138.96 426.96 93.6 -422.13 504.7 153 395.6 521.96 102 -322.93 719.41 -19.4 293.28 753.91 -28.5 -34.317 208.27 72 -151.819 -13.29 49.3 58.95 -24.12 45.4 -19.382 -433.86 -64.7 44.97 -480.97 33.1 -65.941 -890.32 -74.4 64.29 -879.19 -104.2 104.88 144.35 2846.2
1.2324 -9.073 650.26 99.7 -21.381 435 97 -182.455 444.46 101.1 139.69 425.54 92.9 -425.18 507.61 170.9 403.19 515.28 114.4 -342.26 690.81 -29.5 306.69 727.06 -49.4 -35.15 207.47 81 -154.253 -13.87 67.8 56.41 -26.24 62.4 -34.462 -427.91 -78.2 42.85 -482.69 39.8 -74.159 -883.29 -74.2 55.33 -878.96 -94 108.58 141.39 2842.2
1.2403 -6.38 668.89 98.3 -17.537 451.52 101.8 -178.624 460.18 107.1 143.55 442.87 96.5 -420.18 519.08 190.6 411.5 521.95 133.9 -327.09 672.83 -20.2 298.13 709.39 -46.1 -30.081 223.54 92.9 -147.967 1.23 87.4 62.72 -10.1 80.5 -43.097 -395.05 -105.8 50.78 -465.12 40.1 -72.745 -863.99 -84.3 59.07 -858.97 -90.1 108.91 126.9 2834.9
1.2487 -4.01 669.57 98.8 -14.881 451.06 104.8 -175.978 459.22 110.7 146.22 442.89 98.9 -416.37 508.09 194.2 421.98 512.54 140.3 -282.14 640.4 -5.2 274.68 673.89 -35 -26.611 222.84 100.4 -143.686 -0.04 99.8 67.01 -10.72 92.1 -76.723 -366.34 -151.2 66.88 -463.31 31.6 -76.882 -858.02 -102.4 57.03 -859.87 -87.3 111.74 131.89 2830.6
1.2645 -0.19 668.85 99.7 -10.92 450.64 107.4 -171.978 458.12 115 150.13 443.16 99.7 -408.43 501.35 208.6 424.25 508.6 139.6 -253.68 635.38 20.2 240.19 655.9 -15 -21.568 222.28 106.6 -137.535 -1.19 110.8 73.11 -10.97 100.8 -109.642 -358.63 -209.5 77.14 -460.05 19 -81.722 -850.47 -121.6 54.68 -863.81 -82.8 114.13 132.63 2826.8
1.2825 1.64 646.94 80.4 -6.84 431.43 102.3 -167.991 438.79 106.8 154.32 424.07 97.9 -412.29 494.84 202.1 425.04 501.31 132.1 -229.89 642.64 49.4 216.79 650.02 5.7 -16.965 203.49 112.6 -132.495 -19.63 125.7 78.31 -29.26 119.9 -132.141 -351.38 -234.2 79.82 -474.27 18.2 -89.181 -833.8 -136.3 49.71 -878.25 -65.6 114.54 135.73 2822.1
1.2967 2.88 628.49 75.3 -4.95 413.85 103.7 -166.092 421.3 109.1 156.18 406.41 98.4 -408.06 483.58 191.8 424.11 492.34 123.3 -219.81 654.71 63.3 204.2 648.16 20.4 -14.92 186.19 120.1 -130.257 -36.62 140 80.47 -46.351 133 -148.23 -323.82 -264.6 76.79 -482.49 0.5 -98.75 -799.53 -153.6 45.07 -877.04 -69.6 116.2 145.69 2815.8
1.3093 3.77 595.5 70.2 -4.5 382.15 101.9 -165.6 389.68 108.3 156.61 374.61 95.5 -400.99 471.6 173.2 418.59 471.49 103 -230.19 672.29 57.8 209 655.16 23.7 -14.34 154.65 121.8 -129.54 -67.908 145.8 81.16 -77.764 137.4 -157.447 -317.54 -289.3 70.27 -507.74 -14.4 -100.207 -786.4 -171.3 40.67 -901.2 -75.1 119.07 166.53 2815.1
1.3268 4.68 577.46 70.6 -3.54 363.97 103.6 -164.604 371.62 110.9 157.52 356.32 96.2 -402.36 474.86 156.8 414.93 460.82 83.7 -259.99 696.33 36.9 235.37 675.83 12.9 -13.33 136.63 125.8 -128.442 -85.701 152.8 82.21 -95.709 143.2 -163.966 -294.11 -303.8 66.77 -521.34 -21.2 -97.346 -756.54 -181.3 38.06 -909.52 -73.2 119.41 179.7 2811.8
1.3412 6.66 562.68 74.2 -1.68 349.18 106 -162.688 356.47 114.8 159.33 341.9 97.3 -402.77 477.76 142 420.38 452.24 64.5 -312.1 724.12 26.3 276.9 694.06 -4.7 -10.73 121.82 128.7 -125.073 -100.778 157.2 85.51 -110.304 145.7 -165.543 -278.671 -310.3 67.12 -534.83 -22.4 -90.733 -737.88 -189 38.93 -916.31 -72.7 118.29 189.52 2807.8
1.3585 7.49 554.3 67.1 -1.91 342.82 106.4 -162.927 350.69 114.4 159.11 334.96 98.3 -406.88 483.49 126.2 425.69 453.21 50.4 -386.98 746.34 18.1 332.01 716.32 -27.6 -11.56 116.17 134.7 -126.521 -105.344 168.3 84.07 -115.634 157.8 -170.992 -261.535 -302.6 58.56 -536.43 -18.8 -92.587 -718.64 -186 36.29 -919.86 -59.5 119.63 192.16 2802.7
1.3724 10.7 549.38 74.4 -0.16 338.02 108.7 -161.146 346.49 116.9 160.83 329.55 100.6 -421.23 486.07 108.2 438.05 449.92 32.8 -467.83 746.37 1.8 397.56 723.99 -58.8 -10.79 111.08 134.5 -126.701 -110.333 165.7 83.85 -121.407 155 -170.923 -257.867 -314.8 57.72 -538.79 -29.6 -88.72 -713.42 -196 40.17 -917.94 -67.3 119.61 192.76 2800.8
1.3807 12.85 556.66 89.8 1.49 342.78 114.6 -159.407 351.49 124.1 162.38 334.07 105 -436.1 482.84 93.9 449.54 439.23 18.2 -535.26 731.6 -15.4 456.6 709.12 -95.5 -9.66 115.3 134.3 -126.023 -106.483 160.3 84.42 -117.876 147.8 -166.489 -250.768 -315.9 61.14 -536.48 -34.8 -84.888 -707.04 -197.5 41.46 -906.74 -69 120.26 191.59 2798.6
1.3886 13.15 571.71 100.6 0.78 356.32 121.3 -160.067 365.63 131.2 161.62 347.01 111.4 -451.27 468.14 78.8 463.05 427.33 5 -602.13 690.15 -31.7 518.76 683.54 -128.7 -11.32 128.66 138.8 -128.598 -92.907 162.8 81.76 -105.081 149.8 -167.589 -252.933 -304 56.97 -530.44 -15.4 -87.288 -711.57 -184.3 37.87 -894.56 -59.1 121.35 183.08 2793.9
1.3965 10.83 584.09 106.6 -1.56 368.89 123.7 -162.532 378.05 130.8 159.42 359.74 116.5 -468.77 443.16 70.5 467.4 407.31 -8.9 -655.97 629.89 -53 571.01 634.34 -165.5 -13.92 140.98 137.1 -131.567 -80.95 155.2 79 -92.925 145.9 -168.192 -264.58 -302.3 57.24 -521.84 -10.7 -88.542 -724.9 -184.5 36.28 -889.81 -63.1 125.34 172.42 2792.9
1.4122 9.88 605.6 109.4 0.43 389.55 125.9 -160.702 396.76 131.4 161.56 382.33 120.3 -470.34 424.77 62 471.74 391.85 -20.2 -684.77 551.16 -83.3 617.2 570.69 -200.2 -9.37 161.42 138 -124.544 -61.998 153.7 86.21 -71.436 146.5 -162.303 -267.71 -284.9 63.54 -504.41 1.7 -82.978 -737.87 -171.5 44.04 -869.86 -58.4 124.13 158.02 2792.2
1.4202 10.01 627.9 107.3 -0.23 412.36 123.3 -161.448 418.96 126.7 160.99 405.77 119.9 -473.34 401.48 50.3 468.21 374.03 -33.3 -701.36 455.32 -109.5 643.86 491.22 -231.1 -9.34 184.11 133.9 -123.877 -39.838 146.8 86.98 -48.462 142.3 -163.959 -273.49 -273.4 63.52 -485.3 9.9 -88.296 -750.57 -166.2 40.72 -856 -62.9 128.74 136.91 2794.8
1.4277 15.8 652.44 117.2 5.39 434.39 125.2 -155.808 440.45 130.4 166.59 428.32 120 -462.48 364.39 45 466.78 340.62 -37.9 -700.63 363.87 -110 662.24 388.98 -242.1 -3.08 205.98 128.9 -116.968 -18.46 135.9 93.86 -26.392 129.1 -159.084 -282.35 -264.3 68.57 -466.75 9.3 -88.253 -757.39 -161.2 41.16 -837.31 -75.3 125.65 122.33 2796.1
1.4354 21.16 673.19 108.1 11.03 455.24 119.4 -150.13 461.92 125.3 172.19 448.55 113.6 -443.25 336.86 47.7 448.38 311.96 -31.7 -672.08 268.81 -102.8 648.48 286.26 -232.1 1.69 226.8 123 -113.039 2.74 130.4 97.73 -6.003 122.7 -161.806 -298.02 -255.9 73.05 -450.21 18.3 -87.89 -770.04 -144.4 41.27 -823.7 -66.6 123.34 105.51 2799.8
1.454 20.33 688.803 101.8 11.32 468.293 113.4 -149.817 475.233 119.7 172.46 461.363 107 -423.35 292.573 46.8 429.46 272.113 -22.9 -622.61 152.483 -95.5 613.81 176.143 -222.5 1.58 239.833 115.8 -113.525 15.903 122.3 97.22 6.833 114 -159.87 -312.787 -245.1 66.77 -437.607 11.3 -88.912 -785.797 -138.3 36.16 -810.047 -67.2 125.4 96.617 2803.5
1.4683 12.87 709.006 97.3 3.84 487.546 106.2 -157.238 495.376 113.1 164.92 479.716 99.3 -396.29 262.316 49 397.62 242.576 -19.8 -560.01 64.726 -77.1 559.9 76.906 -194.8 -7.3 259.146 105.4 -123.766 35.856 109.2 86.91 25.616 100.2 -132.573 -320.934 -197.3 44.37 -419.234 4.1 -99.184 -785.884 -129.8 23.79 -790.524 -70.1 131.31 81.284 2808.6
1.4796 8.16 727.401 103.1 -0.9 506.431 102.8 -162.025 513.851 108.9 160.23 499.021 96.6 -363.57 239.721 49.2 364.38 220.871 -7.7 -493.05 1.845 -55.8 498.51 1.071 -158.7 -11.71 278.261 94.5 -127.9 54.941 90.3 82.84 45.241 82.3 -119.486 -327.099 -166.2 42.67 -403.279 5.4 -96.214 -783.309 -125.5 27.38 -768.009 -75.4 135.1 65.569 2812.1
1.4876 9.83 744.725 104.7 0 520.755 98.2 -161.093 528.215 105.1 161.1 513.295 91.2 -322.61 243.375 52.2 334.71 207.825 2.5 -412.92 -22.851 -32.2 439.91 -53.0055 -116.3 -11.12 292.815 85 -127.582 69.745 76.4 83.11 59.995 67.3 -94.665 -335.725 -126.1 30.74 -390.005 11.2 -94.182 -777.325 -110.6 31.54 -757.485 -76 133.02 57.385 2816.2
1.4956 5.82 754.799 106.1 -3.09 533.339 94.5 -164.171 539.939 102.4 157.99 526.739 86.5 -294.62 245.219 51 298.82 198.439 18.2 -346.13 -39.5499 -9.2 371.05 -94.027 -71.5 -13.31 305.669 76.6 -128.863 82.309 63.9 81.82 73.669 53.5 -67.669 -338.391 -90.2 26.88 -377.911 13.4 -93.99 -774.101 -99.4 32.88 -751.041 -83.5 135.03 48.161 2819.6
1.5036 5.59 759.72 103.9 -1.81 539.17 90.3 -162.87 544.94 99.4 159.24 533.41 81.3 -266.01 251.85 57.6 276.89 217.08 38.8 -295.13 -42.3626 10 314.35 -89.439 -43 -11.07 311.56 70.6 -125.64 87.71 56.9 85.01 80.18 45 -48.015 -343.8 -54.7 22.96 -371.69 22.2 -92.635 -773.39 -89 33.77 -756.83 -84.8 133.11 44.42 2820.8
1.5116 5.4 757.512 101.9 -2.8 538.112 85.6 -163.793 543.342 95.9 158.19 532.872 75.2 -246.49 241.342 61.6 264.08 227.112 57.1 -259.36 -55.2025 5.8 273.72 -85.858 -22.1 -11.58 310.602 64.2 -125.637 86.512 49.6 84.93 79.662 36.1 -36.25 -351.198 -28.2 20 -372.438 21.4 -95.514 -777.938 -82.7 32.13 -766.528 -88.6 131.16 45.358 2823.7
1.5196 8.06 756.559 90.1 -0.81 537.409 78.6 -161.639 542.759 91 160.03 532.059 66.1 -236.89 238.039 63.7 252.8 222.989 67.2 -231.16 -58.533 0.8 245.84 -92.709 -12.1 -9.78 309.629 60.5 -123.943 85.339 50.5 86.42 78.349 34.3 -27.21 -355.701 -3.8 25.15 -374.601 27.7 -93.161 -781.181 -73.6 36 -770.971 -81.5 128.38 45.241 2825
1.5276 9.54 756.716 84 0.75 537.526 76 -160.108 542.956 88.1 161.62 532.096 63.8 -228.8 238.586 63.3 239.47 224.026 67.9 -212.372 -59.071 2.3 228.34 -94.258 -7.3 -8.13 309.556 60.3 -122.207 85.136 52.6 88.17 78.026 36.7 -23.3 -357.964 10.7 25.1 -374.844 34.8 -91.518 -780.784 -70.4 38.69 -769.694 -79.1 123.97 43.714 2824.3
1.5356 14.13 763.366 91.6 4.63 543.396 79.4 -156.308 549.646 89.9 165.57 537.146 68.8 -223.17 235.156 59.9 234.3 221.916 68.4 -203.45 -62.767 -2.2 214.85 -97.47 -3.7 -5.48 315.786 59.9 -120.851 92.256 47.4 89.65 84.086 33.6 -20.24 -351.874 14.2 28.67 -369.154 35.3 -87.039 -773.254 -76.2 43.16 -764.734 -85.6 120.42 45.784 2825.3
1.5436 12.96 763.548 95.6 5.17 543.298 79.4 -155.854 548.678 89.1 166.2 537.928 69.7 -219.61 247.838 61.7 232.5 231.658 71.2 -199.578 -50.0671 -2.2 206.7 -87.335 -2.7 -3.74 315.838 57.5 -117.948 91.898 42.1 92.66 84.868 29.4 -15.49 -352.722 17.5 41.9 -369.102 44.9 -82.258 -782.982 -75.5 48.9 -773.532 -88.1 118.21 42.202 2825.7
1.5516 10.99 764.726 108.8 5.18 545.376 83.2 -155.964 549.796 91.1 166.33 540.946 75.3 -217.82 243.966 57.8 232.18 230.426 70.8 -203.703 -54.312 -6.7 205.29 -89.223 -1 -2.41 318.576 55.4 -115.383 94.676 32.7 95.39 88.896 22.4 -17.636 -351.414 12.2 38.98 -364.664 34.1 -80.015 -778.844 -79 50.17 -769.434 -90.5 116.47 41.364 2826.6
1.5586 11.52 771.519 103.9 5.67 551.039 83.4 -155.56 555.329 89.5 166.9 546.739 77.3 -216.69 241.979 56.8 231.89 230.349 67.4 -204.978 -55.668 -11.3 205.23 -89.877 -2.5 -1.3 323.799 59.1 -113.712 99.379 38.7 97.16 93.769 30.7 -15.299 -346.811 36.4 39.05 -359.101 53.9 -79.02 -775.891 -63.1 51.1 -764.601 -72.7 115.08 43.211 2827.1
