0 2.88 766.63 71.9 -4.54 549 86.3 -165.03 553.88 71.2 155.938 544.11 101.4 -229.68 276.92 81 206.556 288.04 168.1 -229.51 -26.62 29.9 241.32 -1.34 90.9 -11.5 320.69 86.4 -123.4 95.5756 76.5 86.5 89.1892 96.3 -59.32 -351.94 9.5 61.534 -365.24 57.2 -85.95 -759.34 -113.2 81.319 -758.55 -100.9 -125.65 -98.99 3022.2
0.008 3.09 761.723 64.2 -4.46 544.723 84.7 -165.03 549.923 70.6 156.108 539.513 98.8 -234.23 258.343 67.2 213.972 279.423 165 -238.91 -45.027 14.5 249.84 -6.967 77.4 -12.32 316.503 89.8 -125.18 91.6923 85.8 84.825 84.8813 104.2 -55.47 -355.527 22.8 57.5 -369.687 67 -89.2 -755.137 -113.3 78.411 -752.967 -97.8 -126.41 -94.453 3021.6
0.022 3.22 765.395 58.2 -6.21 547.515 84.2 -166.85 553.085 71.1 154.433 541.945 97.4 -238.52 261.115 60.8 222.576 282.225 166.7 -249.87 -37.995 -9.5 257.95 4.987 55.5 -14.92 319.475 94.1 -128.69 95.077 95.3 81.411 87.7894 112.5 -55.77 -350.715 26.2 56.08 -366.835 73.8 -91.15 -754.295 -114.8 79.693 -752.455 -94.1 -124.21 -93.335 3021.5
0.033 4.3 758.193 59.1 -5.35 541.473 84.6 -166.07 547.333 72.6 155.368 535.603 96.7 -236.4 267.493 50.1 231.08 281.963 164 -253.49 -26.747 -36.8 278.21 13.895 36.4 -14.45 313.413 94.9 -128.64 89.1886 97.3 81.565 81.518 113.1 -51.43 -354.527 20.4 60.159 -372.407 65.6 -90.28 -764.627 -120.8 80.199 -761.837 -104.8 -125.81 -93.483 3018.5
0.041 5.1 754 60.5 -4.65 536.8 86.9 -165.41 542.88 75.4 156.105 530.72 98.3 -234.75 260.91 37.2 234.99 256.65 144.7 -273.61 -18.64 -73.9 307.74 9.503 -9.1 -14.14 308.82 99 -128.75 84.8291 103.6 81.501 76.875 118.6 -56.15 -359.02 22.8 62.9 -377.02 69 -89.07 -760.91 -113.9 81.66 -762.11 -98.9 -126.35 -90.41 3015.1
0.049 6.03 746.878 62.4 -4.32 530.608 88.2 -165.01 536.568 75.8 156.381 524.648 100.5 -239.92 256.408 19.4 234.45 243.778 117.2 -301.98 -7.83 -112.3 342.16 16.978 -45.4 -13.72 302.628 100.5 -128.22 78.546 104.8 81.955 70.747 121 -54.27 -365.652 27 60.348 -382.822 69.4 -88.51 -766.892 -115.7 81.256 -766.692 -96.2 -125.63 -91.158 3012.2
0.057 11.16 735.903 41.6 -2.28 521.123 82.2 -162.99 528.423 70.9 158.432 513.823 93.5 -243.97 242.273 6.4 241.73 220.513 96.2 -323.85 6.749 -160.7 375.84 14.566 -74.8 -14.3 294.583 106.7 -131.42 72.8248 123.8 78.786 63.277 138.6 -60.36 -371.427 43.5 51.139 -390.087 88.3 -92.76 -765.577 -97.6 80.188 -766.797 -79.3 -123.27 -82.173 3008.5
0.071 13.74 726.643 22.3 -1.51 514.723 76.8 -162.23 522.923 66.3 159.214 506.523 87.4 -247.27 242.603 -11.5 248.58 201.763 67.3 -343.21 21.02 -195.9 400.23 24.983 -121.1 -15.39 290.173 113.8 -134.37 70.9734 143.8 75.835 60.25 157.6 -71.37 -372.147 52.4 59.658 -391.897 95.2 -94.33 -771.197 -91.2 78.146 -772.577 -76.4 -122.82 -80.073 3003.5
0.086 15.04 713.888 13.3 -1.11 503.258 73.8 -161.68 511.748 61.4 159.463 494.778 86.2 -260.88 251.288 -35.9 261.54 197.808 45 -363.99 48.963 -237.7 421.11 43.415 -155.1 -16.29 279.888 117.7 -136.48 62.057 153.4 73.535 50.963 169.6 -76.84 -375.292 38 65.457 -397.202 84.6 -95.15 -781.622 -93.7 77.399 -781.062 -77.4 -120.7 -78.488 2999.9
0.099 21.13 712.852 10.5 3.79 501.772 74 -156.69 510.442 60.5 164.258 493.092 87.5 -264.88 256.472 -55.4 283.33 202.712 31 -372.46 75.0701 -271.9 436.32 75.2012 -189.9 -12.42 279.592 123.8 -133.57 63.097 164.7 76.312 51.749 182.4 -88.72 -372.298 36.1 74.939 -392.218 77.7 -95.27 -776.338 -88.1 80.459 -771.668 -67.1 -123.43 -78.562 2994.9
0.11 18.481 699.117 -1.5 0.49 491.197 70.8 -159.87 500.317 56.3 160.85 482.077 85.3 -280.79 258.777 -75.7 293.31 202.847 8.5 -394.83 101.765 -306.5 447.86 103.16 -221.2 -17.39 271.677 130.4 -140.14 58.121 180.4 69.595 46.194 199.4 -108.16 -375.173 40.9 72.22 -396.503 87.9 -100.06 -782.843 -78.9 72.72 -773.473 -56.4 -116.89 -74.297 2989.5
0.118 21.044 694.097 -8.3 3.44 490.457 66.6 -156.63 498.977 49 163.501 481.947 84.2 -283.23 271.057 -90.2 308.81 218.007 -8.6 -404.42 135.605 -332.3 460.84 142.755 -247.5 -15.38 272.737 132.4 -138.89 60.582 186.8 70.494 49.443 209.8 -124.9 -369.603 35.7 76.455 -390.753 88.4 -94.79 -781.443 -81.5 75.321 -769.213 -57.4 -119.17 -83.767 2987.6
0.131 19.733 675.988 -19.8 3.67 478.278 63.5 -156.28 484.668 44.1 163.619 471.888 82.9 -297.05 278.908 -106.6 325.96 227.298 -27.6 -405.01 161.586 -366.2 464.79 167.879 -276.6 -14.15 264.078 139.9 -136.57 54.054 203.6 72.629 45.692 229 -130.02 -371.372 38.7 84.996 -391.852 98.6 -90.43 -777.832 -71.5 77.65 -767.402 -49.5 -117.23 -86.708 2984.7
0.148 20.11 652.137 -46.2 5 464.787 54.7 -155.05 470.057 35.7 165.059 459.507 73.7 -310.25 286.327 -117.5 338.24 240.057 -46.9 -406.02 190.887 -389.9 464.92 193.567 -306.6 -12.85 257.877 147.8 -135.36 54.426 228.5 73.956 47.525 253.3 -144.18 -359.973 39.3 88.53 -385.873 110.1 -94.42 -769.443 -57.2 73.801 -760.203 -46.9 -115.88 -90.737 2982
0.162 21.745 638.404 -56.4 6.57 453.164 50 -153.41 456.584 30 166.552 449.744 69.9 -327.19 288.274 -132.3 352.04 243.604 -57 -404.81 211.134 -410.2 462.46 210.074 -327.3 -10.37 249.504 150.9 -131.93 48.077 238.7 77.31 43.601 264.8 -153.55 -346.596 14.5 94.669 -383.206 103.8 -97.61 -772.396 -73.1 73.342 -763.556 -58.3 -114.41 -89.954 2977.6
0.174 21.805 617.964 -77.3 9.71 440.234 40.7 -150.27 440.094 20.6 169.688 440.374 60.7 -337.26 298.994 -143.7 367.83 257.664 -73.8 -397.95 229.944 -423.1 456.22 236.684 -354.4 -4.41 243.554 154.6 -123.16 46.786 255.3 86.112 46.968 281.6 -163.01 -336.796 14.1 102.903 -380.376 121.2 -97.24 -766.226 -64.6 78.311 -758.386 -49.7 -115.11 -99.314 2978.2
0.184 27.161 610.73 -84.3 14.15 434.18 37 -145.65 433.41 15.4 173.958 434.94 58.5 -344.3 315.18 -152.7 383.74 274.48 -87.3 -386.59 242.97 -432.6 450.4 253.31 -372.9 -0.92 240.03 155.7 -120.48 45.386 260.3 88.509 46.383 288.5 -176.7 -316.61 -8.5 101.793 -376.49 116.4 -109.85 -750.05 -82.7 74.643 -755.65 -58.7 -116.91 -108.32 2976
0.192 27.23 604.6 -89.9 15.45 429.29 32.5 -144.28 427.08 10.5 175.185 431.51 54.6 -347.32 332.21 -159.9 405.7 299.85 -103.1 -374.77 255.57 -439.1 437.77 261.26 -388.9 1.32 236.73 154.3 -117.26 42.713 261.6 91.644 45.609 290.4 -181.57 -310.94 -18 103.94 -375.57 113.9 -111.14 -738.33 -85.4 79.62 -746.16 -61.2 -117.3 -118.27 2976
0.199 25.26 582.61 -86.7 14.24 408.26 33.6 -145.29 404.43 10.4 173.771 412.09 56.9 -353.4 328.06 -166.5 417.11 302.87 -106.2 -367.2 255.48 -445.9 420.65 257.02 -393.3 0.84 216.66 157.2 -116.89 22.549 265.6 91.76 27.561 296 -191.56 -321.32 -24.3 104.611 -393.41 118.7 -120.95 -742.38 -90.4 78.214 -752.63 -60.5 -113.92 -114.08 2970.6
0.207 23.237 573.97 -87 16.349 399.93 34.4 -143.32 392.83 13.2 176.015 407.03 55.6 -356.87 337.12 -171.2 421.38 329.06 -115.5 -357.16 267.52 -453.3 405.64 266.43 -400.7 7.93 210.121 161.1 -104.92 15.67 273.9 103.945 24.95 301.7 -186.84 -329.92 -12.7 116.629 -395.95 124.1 -114.91 -729.04 -82.5 87.519 -743.96 -55.9 -112.29 -128.15 2968.2
0.219 27.556 558.61 -96.3 16.759 387.57 30.4 -142.74 382.11 7.4 176.256 393.04 53.4 -357.14 338.67 -178.2 421.49 343.58 -122.9 -348.47 262.87 -460.5 391.79 259.86 -403.5 4.1 201.692 162.4 -112.86 12.24 279.3 95.728 19.39 309.4 -214.6 -319.13 -16.9 95.45 -399.1 126.3 -140.57 -709.91 -88.9 65.3 -734.12 -55.5 -109.95 -127.66 2965.7
0.226 26.474 546.82 -97.6 15.922 377.27 32.6 -143.65 371.2 10.1 175.494 383.35 55.1 -357.38 351.33 -178.8 418.44 361.8 -128.2 -343.6 267.75 -456.6 381.76 253.81 -397.4 3.85 193.769 168 -112.57 6.29 288.7 96.11 14.24 318.1 -212.35 -317.49 -17 105.603 -403.65 133.8 -134.69 -711.08 -83.3 71.443 -735.36 -51.5 -109.67 -136.33 2959.6
0.234 27.751 532.71 -97 16.567 365.57 33.9 -142.84 359.01 10.4 175.974 372.14 57.5 -359.57 355.07 -181.9 417.84 369.3 -132.1 -335.84 254.74 -453.7 375.09 247.72 -394.6 3.8 183.417 171.2 -113.2 -3.03 293.1 95.28 5.56 323.9 -211.07 -319.06 -21.5 103.404 -407.77 129.5 -136.42 -703.39 -82.8 68.383 -730.78 -49.6 -107.96 -137.57 2956.3
0.242 25.061 531.56 -94.5 16.836 362.52 34.8 -142.77 354.85 13 176.443 370.2 56.5 -353.27 354.89 -187.2 419.93 378.99 -134.8 -327.52 250.93 -456.7 365.28 245.42 -391.8 7.09 179.36 171 -107.04 -8.82 292.9 101.715 1.22 321.4 -204.34 -321.35 -25.7 109.093 -412.45 127.4 -132.1 -699.92 -87.7 74.176 -724.99 -51.2 -108 -144.64 2954.4
0.25 24.439 525.34 -92 17.341 355.67 36.7 -142.11 347.03 14.2 176.792 364.32 59.3 -351.88 343.39 -190.1 417.22 380.44 -135.4 -322.07 242.079 -458.8 356.8 241.204 -389.4 7.951 172.673 173.2 -105.71 -15.98 295 102.83 -4.68 324.5 -205.66 -328.04 -23.4 102.851 -416.81 127.2 -137.78 -694.86 -82 70.518 -720.36 -46 -106.76 -145.26 2953.7
0.264 22.943 520.22 -93.7 17.788 352.3 34.8 -141.62 342.62 12.3 177.193 361.97 57.3 -351.55 332.18 -191 417.5 374.72 -134.1 -318.75 235.182 -458.8 352.28 237.091 -388.2 9.696 168.994 171 -102.64 -20.63 292.5 105.844 -7.98 321.9 -205.56 -326.84 -30.6 103.302 -420.92 126.2 -137.72 -694.06 -85.5 71.471 -717.1 -48.1 -105.77 -143.62 2953.3
0.271 20.84 520.39 -95.4 17.163 353.03 33.9 -142.19 342.24 11.5 176.511 363.82 56.3 -351.94 333.64 -191.4 420.09 373.91 -129.9 -318.68 231.648 -454.1 352.74 239.142 -386.5 10.208 170.557 171.3 -100.95 -18.97 294 107.459 -4.86 323.3 -208.78 -323.56 -29.1 99.9799 -419.84 132.2 -140.31 -688.56 -81.9 68.237 -714.28 -43.8 -106.23 -147.36 2953.5
0.279 24.516 516.93 -93.2 20.39 349.68 36.3 -139.1 339.4 14.7 179.875 359.96 58 -350.14 324.25 -184.9 421.37 362.88 -122.2 -316.83 224.786 -449.6 354.63 232.057 -382.7 13.365 167.704 174.4 -97.95 -21 298.2 110.635 -7.55 326.6 -207.72 -324.15 -25.6 100.535 -420.14 130.4 -138.15 -688.59 -79.4 69.837 -716.34 -44.2 -107.94 -140.11 2950.5
0.287 20.558 522.7 -96 17.723 354.6 33.5 -141.88 343.59 13.2 177.33 365.61 53.9 -351.82 327.27 -187.6 418.94 362.58 -125.3 -319.61 229.151 -454.8 352.06 233.723 -387.5 12.778 172.163 171 -96.54 -17.47 295.2 112.211 -3.07 321.8 -222.62 -270.11 -38.7 100.229 -415.92 126.2 -137.34 -691.83 -82.1 70.729 -716.42 -49.2 -106.23 -142.2 2953.9
0.295 21.189 520.18 -95.3 18.922 351.4 34 -140.58 339.38 13.4 178.422 363.43 54.6 -350.37 329.39 -189.9 418.01 357.06 -124.8 -314.67 228.1 -457.4 352.71 231.379 -388.2 15.076 168.191 170.5 -93.07 -22.88 293.5 115.535 -7.16 320.5 -229.78 -240.58 -36.2 100.046 -420.94 127.1 -136.14 -693.94 -82.4 71.669 -722.89 -49.2 -106.65 -139.86 2953.1
0.303 24.595 521.23 -91.8 20.186 351.17 35.7 -139.36 340.7 14.6 179.731 361.63 56.8 -350.17 331.37 -189.9 417.52 354.2 -123.8 -320.37 224.286 -459.2 353.59 228.324 -389.4 14.493 166.613 170.3 -95.54 -24.78 291.1 113.138 -11.1 318.7 -218.89 -288.63 -32.4 92.618 -424.66 125.4 -141.73 -692.41 -81.4 65.308 -724.08 -49.9 -107.34 -136.6 2952.5
0.32 24.93 528.97 -82.8 20.831 354.25 36.9 -138.6 344.29 14.7 180.265 364.21 59 -349.49 338.63 -193.6 418.35 360.08 -125.1 -317.88 229.247 -463.5 352.32 232.098 -390.8 14.623 166.002 166.1 -95.85 -28.76 280.8 112.676 -15.73 309.8 -211.82 -315.69 -39.8 96.307 -431.26 120.3 -139.93 -698.56 -90.8 68.909 -728.54 -56.4 -108.75 -138.76 2955.4
0.336 24.957 528.71 -80.3 19.051 352.25 37.9 -140.13 343.36 13.7 178.237 361.14 62.1 -355.21 349.36 -200 416.71 356.1 -124.7 -325.32 232.344 -464.7 352.5 230.679 -393.5 10.347 162.455 164.7 -102.46 -33.15 275.7 105.75 -21.53 307.4 -210.45 -342.09 -34.1 90.577 -437.28 118.2 -144.86 -697.24 -90.5 62.324 -728.28 -51.3 -107.4 -138.44 2957.4
0.352 21.415 530.72 -79.2 16.085 354.4 37.7 -143.34 345.84 15 175.508 362.96 60.5 -357.7 354.2 -191.3 417.76 358.06 -119.7 -335.23 241.49 -458.3 353.24 230.74 -391.2 8.393 163.681 163.3 -103.55 -32.63 274 104.954 -21.44 303.8 -202.58 -347.03 -37.8 95.675 -438.16 116.4 -140.2 -692.35 -90.6 63.35 -721.08 -54.8 -107.11 -137.73 2957.5
0.365 24.139 538.91 -79.6 18.594 360.35 35.8 -140.66 351.18 12.1 177.849 369.51 59.5 -362.3 341.51 -177.9 417.43 356.95 -117.1 -336.49 242.69 -450.7 349.69 227.155 -385.3 11.053 168.94 160.4 -100.63 -28.46 269.4 107.654 -16.47 300.5 -197.16 -352.52 -35.4 100.597 -434.56 116.1 -134.21 -693.24 -92.8 68.185 -718.11 -56.2 -106.1 -128.28 2959.5
0.379 27.908 540.86 -78.4 19.371 362.86 35.7 -139.99 356.6 11.9 178.732 369.12 59.6 -364.9 344.52 -177.4 418.46 355.73 -115.5 -330.42 245.32 -448.4 347.88 227.54 -379.4 8.642 170.21 158.1 -106.31 -26.53 264.9 102.139 -18.35 296 -205.95 -357.27 -32.9 91.718 -439.69 119.5 -145.21 -706.87 -95.4 59.766 -735.5 -63.1 -108.31 -125.39 2961.2
0.396 24.595 545.13 -79.8 15.518 367.13 34.9 -144.23 362.53 13.5 175.264 371.73 56.3 -364.38 337.38 -169.6 416.8 353.48 -109.1 -323.99 239.41 -439.7 346.05 217.92 -368.1 4.69 174.254 156.9 -110.61 -21.63 264.9 98.3385 -15.62 293 -200.4 -352.48 -36.4 97.6462 -434.19 110 -138.8 -707.76 -90.3 64.124 -733.34 -64.3 -105.73 -116.81 2963
0.409 23.432 548.77 -83.2 14.816 371.96 32.7 -145.09 367.06 12.5 174.727 376.85 53 -367.65 337.29 -158.9 421.94 351.83 -92.2 -319.74 236.1 -424.8 343.55 217.6 -345.3 5.39 178.513 154 -108.6 -18.13 262.1 100.526 -11.73 288.5 -195.65 -343.18 -46.6 97.432 -431.5 108 -134.67 -717.21 -94 67.728 -740.54 -65.5 -107.91 -111.5 2965.6
0.42 25.235 557.511 -76.2 15.83 376.641 35.2 -144.31 373.211 16.5 175.965 380.071 53.9 -373 329.251 -143.9 426.29 344.981 -74 -316.86 219.211 -399.9 337.5 212.851 -324 6.53 179.956 151 -107.49 -18.979 254.6 101.955 -14.489 279 -189.76 -342.669 -57.1 98.114 -434.339 98.6 -134.66 -725.109 -101.6 67.737 -752.379 -74.6 -109.32 -96.331 2968.2
0.432 23.423 572.439 -71.9 12.903 389.619 35.6 -147.31 388.599 17.3 173.117 390.639 53.9 -376.76 337.339 -119.6 429.88 343.689 -51 -305.6 219.409 -365.4 337.19 208.319 -296.4 1.58 190.076 146.1 -114.52 -10.141 244.7 95.031 -8.801 268.6 -195.35 -334.891 -66.4 93.628 -426.621 83.5 -141.02 -730.201 -108.4 61.642 -758.561 -75.9 -109.43 -95.369 2971.7
0.44 25.792 582.413 -72.5 13.223 397.733 33.5 -146.88 397.913 14.2 173.328 397.543 52.8 -382.6 333.493 -86.6 428.72 331.193 -18.4 -295.91 199.173 -321.8 328.79 203.253 -264.9 0.19 195.953 139.7 -117.53 -5.706 233.3 91.856 -5.952 258.5 -186.55 -330.017 -81 93.844 -422.337 70.2 -134.71 -734.387 -114.8 67.407 -760.577 -76.9 -108.99 -82.523 2975.2
0.448 26.786 606.224 -52.5 14.855 414.744 39.9 -145.17 414.594 19.8 174.877 414.904 59.9 -382.82 331.324 -38.3 423.34 326.724 17.3 -286.54 186.904 -273.3 327.67 189.554 -222.9 3.49 206.664 132.3 -112.51 -1.516 211.5 96.772 -1.309 237.7 -175.98 -326.606 -103.2 104.091 -420.766 56.7 -124.54 -745.886 -126.3 71.468 -768.726 -90 -108.43 -78.864 2978.6
0.456 25.358 626.01 -32.8 15.782 428.16 45.1 -143.97 426.63 23.1 175.537 429.69 67 -374.37 320.12 3.1 412.22 304.47 43.3 -280.9 174.72 -229.6 311.08 174.85 -192.2 7.29 214.05 121.8 -105.68 -1.058 184.2 103.282 0.943 212.9 -167.31 -345.4 -108.4 102.524 -421.23 38.3 -121.55 -749.99 -133.6 74.179 -773.31 -98.5 -108.64 -71.97 2982.6
0.463 20.735 642.786 -26.3 10.79 441.966 44.7 -148.95 441.476 22.6 170.528 442.456 66.9 -372.78 322.176 33.8 393.51 296.356 84.5 -275.67 154.985 -181.8 299.83 167.726 -159.7 2.06 224.556 112.4 -111.12 6.831 165.6 97.7905 7.472 194.6 -172.58 -354.374 -105.4 88.858 -422.914 43.5 -128.35 -755.344 -126 61.659 -774.164 -98.5 -107.73 -66.606 2987.5
0.48 16.379 659.993 -11.4 8.988 454.253 48.6 -150.6 453.693 25.3 168.574 454.813 71.8 -358.85 325.623 64.3 379.8 296.273 116.7 -272.72 135.459 -135.3 292.6 149.443 -116.7 1.73 233.323 103.7 -109.89 12.032 143.6 98.8244 12.765 174 -159.22 -361.807 -112.5 93.79 -421.817 34.5 -119.3 -762.787 -131.4 64.511 -782.927 -103.8 -104.86 -64.373 2991.3
0.498 16.819 677.213 -7.7 11.764 468.833 47.4 -147.9 467.783 24.7 171.432 469.883 70.1 -347.83 329.813 87.4 366.49 306.623 133.6 -271 120.532 -94.3 290.16 121.887 -72.2 6.36 246.013 95.7 -103.45 22.504 129.1 105.374 23.88 158.8 -144.77 -363.407 -110.1 94.5 -414.337 31.2 -112.37 -761.967 -124.7 66.238 -779.397 -98.4 -106.53 -68.183 2997.4
0.512 15.925 689.368 4.2 11.71 478.318 51.3 -147.65 477.158 26.6 171.073 479.488 76 -323.85 350.708 114.8 356.19 302.118 160.6 -268.12 113.418 -42.6 279.58 94.034 -29.8 7.293 253.648 90.4 -101.35 28.208 113.4 107.098 29.732 145.7 -139.31 -369.212 -106.8 87.597 -409.432 21.9 -111.2 -766.012 -128.6 62.174 -778.912 -100 -107.15 -65.358 3001.9
0.522 17.715 698.709 -5.5 12.213 486.649 45.1 -147.3 486.449 21.4 171.727 486.849 68.9 -303.37 338.579 137.3 332.4 294.339 170.4 -261.89 89.149 -12.4 269.06 69.0921 0.1 6.61 261.849 84.6 -103.3 36.927 108.6 105.324 37.188 139.7 -131.5 -372.571 -89.3 81.153 -405.071 28.5 -112.79 -770.401 -122.9 61.285 -778.631 -98.6 -106.88 -60.459 3007.8
0.534 12.142 715.12 14.5 8.395 500.72 53.2 -151.42 500.21 31.6 168.205 501.22 74.8 -286.71 332.13 155.1 318.66 311.75 197 -250.07 75.815 11.3 261.3 73.106 35.7 5.16 274.45 82.4 -102.59 47.854 97.5 106.432 48.511 125.7 -125.07 -366.39 -92.4 82.739 -394.29 15.8 -109.4 -778.85 -133.5 62.435 -778.94 -112.6 -106.64 -63.04 3011.4
0.55 9.689 730.052 37 7.53 514.422 63 -151.75 514.492 38 166.803 514.352 88.1 -276.77 322.322 169 302.16 327.002 217.3 -241.18 60.1255 33.4 260.69 73.539 72.1 4.73 287.052 80.1 -102.23 59.7387 80.8 106.12 59.6453 113.6 -116.21 -362.998 -89.8 77.763 -385.278 14 -108.44 -771.658 -140.8 61.625 -773.218 -115.4 -107.57 -62.822 3013.7
0.561 8.492 751.285 48.6 6.55 534.805 69.2 -152.84 535.305 44.8 165.949 534.305 93.7 -265.78 322.135 176.9 277.9 329.605 225.1 -240.1 51.009 57.5 261.42 64.4371 96.4 4.19 306.885 80 -102.4 79.2913 74.8 106.047 78.643 106.8 -101.74 -350.985 -75.6 75.331 -370.755 35.8 -104.45 -767.975 -126.1 62.53 -763.815 -111.9 -106.93 -71.905 3014.5
0.569 10.532 756.781 56.4 8.092 541.241 72.9 -151.54 542.121 50 167.72 540.351 95.8 -249.14 320.551 173.1 263.65 324.401 227.8 -243.87 37.755 89.1 251.91 49.334 118.6 5.87 313.031 79.6 -100.74 85.394 71.4 108.027 84.2385 101.3 -93.27 -351.619 -58.1 73.384 -366.429 37.7 -100.31 -770.159 -117.7 65.914 -771.319 -111.2 -107.24 -75.061 3015
0.577 9.465 756.59 59.1 8.76 540.37 74.9 -151 540.38 52.9 168.517 540.35 97 -238.28 316.3 159.1 245.44 311.05 223.5 -252.37 26.443 114.4 247.24 27.258 139.3 8.07 312.01 79.7 -97.08 83.6583 70.2 111.859 83.641 99 -84.04 -359.37 -36.1 71.321 -368.16 47.3 -95.03 -772.75 -115 67.598 -771.96 -106.9 -108.94 -74.46 3015.4
0.585 9.743 763.301 60.1 8.83 548.161 77.4 -150.87 547.761 55 168.541 548.571 99.9 -230.38 314.571 143 236.03 314.041 223.2 -257.98 22.425 135.8 246.15 23.038 177.9 8.82 319.741 81.7 -95.64 91.0468 71.2 113.236 91.5784 100.6 -75.57 -356.119 -15.4 59.827 -359.489 54.1 -99.07 -765.189 -115.7 66.585 -765.319 -103.1 -109.44 -82.671 3013.9
0.593 10.14 767.062 61 8.78 550.732 78.3 -150.81 550.822 55.1 168.376 550.642 101.6 -230.53 292.392 129.2 232.9 317.632 221.3 -258.36 0.99 157.3 252.38 23.505 204.1 8.14 322.262 81.9 -96.87 93.8604 70.2 111.856 93.7374 100.6 -72.76 -355.678 -4.3 51.035 -357.238 62 -104.02 -765.538 -117.7 62.197 -765.528 -100.6 -110.98 -84.892 3013.3
0.6 11.77 772.994 78.1 10.37 555.634 86.5 -149.02 555.994 61.9 169.766 555.274 111 -226.11 303.004 117.8 224.29 282.824 221 -258.51 10.645 153.7 242.32 -15.076 205.6 10.43 327.274 82.8 -93.75 99.14 63 114.722 98.671 95.1 -61.24 -351.906 1.2 51.113 -352.106 56.6 -99.01 -762.836 -122.3 68.41 -763.356 -103.6 -112.41 -87.794 3012.8
0.618 9.62 777.453 85 9.64 559.753 90.3 -149.37 560.093 63.4 168.643 559.413 117.2 -250.13 284.783 121.3 210.377 277.583 207.4 -264.56 -11.337 158.9 226.85 -20.497 193.8 10.27 331.413 83.6 -93.08 103.291 59.4 114.898 102.842 94.5 -60.79 -349.337 8.6 49.568 -348.597 74.8 -102.51 -762.577 -121.4 68.339 -760.107 -98.8 -112.61 -93.043 3010.8
0.635 10.26 781.372 86.2 10.13 563.062 91.9 -148.77 563.452 64.3 169.024 562.672 119.5 -227.92 279.852 115.5 201.119 274.772 192.9 -240.06 -16.768 149.7 216.13 -23.448 180.8 10.78 334.682 84.9 -92.48 106.561 59.9 115.328 106.051 96 -61.99 -346.898 14.1 48.354 -345.598 84.1 -102.61 -757.958 -115.7 67.403 -759.278 -99 -114.25 -93.032 3011.5
0.648 11.05 780.554 88.9 11.05 562.304 92.9 -147.81 562.794 65 169.907 561.814 120.7 -209.93 273.784 108.9 194.714 269.994 180.1 -220.16 -23.256 140 208.372 -28.346 169.4 11.77 333.944 84.7 -91.39 105.911 58.4 116.378 105.271 94.8 -62.38 -347.626 11.1 49.063 -346.456 82 -98.56 -763.256 -116.3 70.47 -767.016 -101.1 -114.88 -95.754 3010.2
0.661 11.1 779.483 89.6 10.58 561.093 93 -148.14 561.943 64.5 169.309 560.243 121.6 -196.93 269.433 101.4 188.578 265.903 169.6 -205.56 -27.947 129.6 200.987 -32.527 160.1 10.96 332.753 84.2 -92.47 104.969 56.6 115.13 103.856 94 -58.37 -349.087 19.4 50.248 -348.237 79.2 -101.65 -760.007 -118.1 68.715 -761.797 -99.7 -116.14 -98.153 3010.7
0.67 10.24 772.615 90.1 9.13 553.995 93.7 -149.29 555.395 63.5 167.564 552.605 123.8 -187.68 260.615 94.2 182.6 256.645 162.4 -194.98 -37.035 119.8 193.861 -41.865 154 8.81 325.655 84.8 -95.13 98.2194 56.2 112.092 96.3941 95.6 -55.61 -355.945 26.3 47.348 -355.125 69.7 -103.25 -763.505 -119.6 68.64 -764.375 -98.4 -116.42 -92.475 3010.4
0.677 9.08 775.753 88.6 8.08 557.263 94.3 -150.55 558.513 65.2 166.716 556.003 123.3 -180.81 262.283 90.4 178.496 259.013 154.4 -186.99 -35.597 113.6 188.706 -39.567 146.9 7.56 328.853 87.2 -96.69 101.269 61.2 110.781 99.6265 99.2 -56.68 -352.667 27.5 46.733 -352.237 76.4 -99.51 -759.427 -115.7 71.88 -758.827 -94 -116.03 -90.123 3011.4
0.693 9.32 775.543 89.9 8.91 556.783 93.4 -149.33 557.973 62.4 167.16 555.593 124.5 -173.24 260.803 83 176.423 257.933 149.4 -178.49 -37.257 103.9 185.671 -40.687 142.7 8.84 328.423 85.1 -94.73 100.84 56.4 112.249 99.2795 97 -55.19 -352.827 18.3 51.186 -353.247 79.7 -95.2 -766.787 -123.4 73.875 -764.987 -101.2 -116.33 -95.013 3012.4
0.706 8.81 776.375 89.7 7.71 557.675 93.6 -151.08 559.125 65.6 166.505 556.225 121.6 -170 261.345 82.3 173.811 258.135 141.5 -174.47 -36.855 101.2 182.181 -40.525 135.6 7.06 329.295 85.4 -97.44 101.87 59 110.267 99.9749 95.6 -59.03 -351.855 20 47.682 -352.175 73.7 -100.99 -761.205 -117.4 70.034 -759.165 -100.1 -115.39 -96.455 3013.2
0.717 11.92 781.532 89 9.13 563.452 95.6 -150.17 565.252 70.8 168.44 561.652 120.4 -192.4 262.852 100.1 174.217 263.302 136.5 -195.89 -58.668 129.2 181.789 -35.398 131.2 7.58 335.032 89.1 -98.16 107.795 66.3 110.21 105.443 98.7 -58.43 -345.138 20.5 45.799 -346.678 82.3 -100.65 -756.248 -111.7 71.184 -754.018 -97.2 -116.44 -97.662 3012.3
0.727 10.27 780.88 88.8 7.42 563.14 94.2 -151.81 565.42 68.8 166.638 560.86 119.7 -207.26 273.53 100.9 171.216 262.33 132.5 -209.61 -23.29 135.6 178.061 -36.4 127.8 5.26 334.73 87.3 -101.01 107.819 63.7 107.201 104.839 97 -55.86 -344.76 19.5 43.531 -347.27 77.2 -105.09 -758.63 -120.8 69.843 -758.9 -98.1 -116.49 -100.68 3013.1
0.737 11.73 777.477 88.1 7.71 559.667 93.7 -151.81 562.157 70.3 167.244 557.177 117.2 -214.51 268.867 100.2 170.879 258.527 127.4 -219.86 -55.093 136.2 177.063 -40.213 123.2 5.1 331.247 87.2 -101.83 104.463 65.4 106.814 101.206 96.1 -54.46 -347.783 19.7 48.065 -351.673 79 -103.65 -758.833 -119.9 72.781 -756.433 -98.6 -116.84 -95.527 3014.6
0.746 9.71 768.908 71.1 5.37 551.318 85.4 -153.95 553.518 60.5 164.694 549.118 110.3 -217.25 264.998 87.8 167.584 250.398 118.5 -228.29 -59.762 114.6 173.169 -48.362 114.7 2.07 322.938 86.3 -105.41 96.0043 71 102.955 93.126 103.5 -65.73 -356.032 17.6 49.086 -360.472 90.2 -103.41 -768.012 -117.3 69.824 -767.292 -93.9 -116.64 -88.048 3017
