0 -1.4 795.738 148 1.53 578.408 122.5 -158.69 578.098 104 161.746 578.728 140.9 -208.36 304.338 89.6 222.95 312.408 158.8 -226.66 8.95 48.9 220.73 16.768 115.8 5.7 352.308 90 -94.89 125.993 45.5 114.646 126.402 69.6 -55.85 -327.692 12.4 62.649 -327.102 61.3 -93.25 -761.742 -113 73.126 -756.492 -86.2 -119.23 -92.598 3014.2
0.0073 -1.36 788.465 133.6 2.82 571.245 116.5 -157.47 569.985 98.8 163.116 572.505 134.2 -207.25 300.095 88.2 228.48 306.745 162.6 -228.94 6.291 39.2 226.35 12.675 110.5 7.41 344.325 91.1 -92.82 116.579 54.1 116.829 118.227 77.2 -57.81 -337.195 15.4 61.605 -335.145 69.4 -93.48 -768.555 -107 73.354 -764.405 -87.5 -120.06 -92.685 3012.8
0.0154 1.17 786.97 116.6 4.93 569.55 110.8 -155.08 568.07 90.8 164.934 571.02 130.8 -207.1 292.87 84.6 230.26 301 156 -231.61 2.106 22.1 232.16 8.151 97.5 9.09 341.9 94.3 -91.39 113.296 64.7 117.899 115.225 90.9 -57.61 -338.96 11.2 57.117 -337.32 76.3 -94.92 -760.47 -106.4 73.083 -759.72 -81.6 -119.8 -93.65 3009.9
0.023 2.26 783.54 105.4 4.95 565.27 105.1 -155.4 563.48 88.2 165.291 567.05 122 -211.26 282.25 77.7 231.06 292.38 146.2 -229.93 -5.45 1.4 237.6 1.274 80 8.62 337.22 94.3 -92.57 108.007 72.5 117.167 110.341 94.6 -54.35 -342.51 8.1 52.265 -340.83 66.1 -98.53 -760.05 -106.2 72.117 -761.47 -86.9 -120.1 -91.14 3008.6
0.0309 0.52 777.196 100.8 3.21 560.006 104.1 -156.82 558.256 84.5 163.236 561.766 123.8 -217.38 277.956 71.9 227.56 289.596 137.4 -236.35 -4.838 -20.4 250.42 3.764 56.8 6.67 331.756 96.3 -94.52 102.362 75.6 114.788 104.658 101.4 -54.14 -346.424 0.9 57.358 -345.914 55.8 -99.98 -763.734 -110.5 73.197 -765.634 -81.7 -118.21 -89.416 3006
0.0471 3.75 770.2 100.6 4.64 552.58 106 -155.29 551.26 85.3 164.563 553.9 126.6 -221.22 268.86 62.7 230.66 272.79 128.4 -250.53 -2.82 -53.8 270.58 -2.815 25.5 7.13 324.2 101.3 -94.95 94.948 83.1 114.189 96.678 110.2 -58.84 -353.49 3.7 65.9 -353.91 54.5 -101.26 -766.6 -106.5 69.37 -770.12 -75.6 -118.14 -80.37 3002.6
0.0604 2.08 755.978 89.1 2.14 539.698 100.4 -157.52 537.918 77.8 161.813 541.488 122.9 -232.98 256.768 40.9 236.46 249.678 110.7 -281.33 -6.131 -95 305.87 -10.737 -20.9 4.42 311.328 102.3 -97.71 81.7933 89.5 111.12 84.1294 119 -70.48 -364.272 -4.3 72.329 -367.332 61.9 -104.61 -782.082 -103.7 65.948 -782.462 -72.5 -116.74 -77.998 3000.3
0.0686 2.77 742.275 74.1 1.33 526.415 96.3 -158.09 524.485 72.1 160.753 528.345 120.6 -242.4 244.385 24.2 235.81 232.755 92.6 -304.77 0.523 -139.2 335.39 -10.881 -56.9 2.26 298.505 108.3 -101.07 69.3356 104.5 107.432 71.8563 136.2 -79.88 -372.365 -8.3 72.195 -378.715 70 -105.58 -785.095 -92.1 66.534 -782.935 -66.4 -115.01 -74.455 2994.4
0.0766 7.5 724.249 46.4 3.33 511.149 88.2 -156.02 509.379 63.5 162.694 512.919 112.9 -251.58 230.439 1.2 249.53 220.589 69.4 -335.28 8.435 -184.7 367.21 -3.536 -97.6 1.33 285.319 117.3 -104.88 58.324 130.3 103.532 60.6422 162.6 -101.13 -379.551 2.6 74.45 -387.421 79.9 -105.73 -789.841 -73.5 63.903 -784.111 -54.2 -113.65 -68.459 2989.1
0.0941 7.24 716.776 33.3 2.16 505.826 85.3 -157.11 504.006 60 161.422 507.636 110.7 -264.9 232.906 -17.6 265.65 221.456 51.5 -357.72 35.152 -226.4 395.37 15.958 -133.9 -1.58 281.436 124.9 -109.47 55.872 147.8 98.831 58.243 181 -111.97 -373.074 -6.1 75.731 -386.464 80.8 -105.87 -785.624 -77.5 61.367 -779.134 -58.3 -110.74 -69.396 2983.3
0.1063 7.93 705.084 28.4 3.04 497.864 83.7 -156.08 495.804 57.4 162.161 499.914 109.9 -277.05 245.984 -40.9 278.23 225.734 25.7 -373.15 68.7033 -264.7 413.63 47.663 -180.2 -1.64 274.474 129.6 -110.38 49.739 158.3 97.734 52.427 192.6 -121.42 -367.876 -22.8 78.055 -390.236 82.4 -104.11 -788.546 -76.8 63.376 -782.026 -61 -109.29 -77.714 2978.7
0.1173 13.109 691.978 16.1 6.28 487.798 80.6 -153.12 486.568 56.1 165.673 489.028 105.2 -287.83 254.248 -61.7 292.82 227.208 5.5 -377.3 94.35 -300.7 429.85 80.6137 -217.3 -0.78 267.138 137.7 -112.09 45.678 178.7 96.397 47.288 210.7 -131.15 -362.652 -22.5 79.795 -392.082 87.5 -107.87 -777.242 -58.8 64.839 -774.742 -47.3 -109.28 -80.648 2973.7
0.1292 11.661 680.562 9.9 5.25 478.742 78.7 -154.57 478.342 57.4 165.083 479.142 100.1 -298.94 265.372 -79.8 314.38 239.952 -17.2 -380.35 123.671 -329.1 439.96 110.746 -252.9 -2.7 259.812 142.5 -115.19 40.61 192.3 93.889 41.137 220.2 -141.17 -354.988 -32 84.422 -396.488 89.8 -109.62 -774.398 -64.3 64.658 -772.638 -49.6 -108.54 -88.622 2970.3
0.1458 13.388 662.504 -12.8 4.92 466.694 70.8 -155.18 467.114 51.6 165.017 466.284 90.1 -308.02 268.494 -99.9 322.15 241.444 -35.2 -379.58 147.365 -361.4 440.82 132.628 -285.4 -5.19 253.614 150.5 -120 40.802 217.6 89.392 40.259 242.7 -147.91 -350.446 -15.3 84.97 -395.536 105.8 -116.76 -754.216 -58.2 60.931 -757.796 -33.5 -105.61 -91.194 2967.7
0.1575 20.477 648.111 -24.5 9.513 456.491 66.6 -150.28 456.041 45 169.304 456.951 88.2 -313.7 272.591 -119.8 336.38 244.941 -43.4 -376.6 167.015 -386.6 441.35 155.083 -308.9 -2.04 247.401 156.4 -118.09 38.013 232.1 90.905 38.611 260.4 -149.15 -331.699 -31.4 93.586 -393.029 111.2 -119.33 -756.669 -73.8 65.939 -757.179 -38.9 -106.2 -93.871 2964.7
0.1653 20.916 622.286 -50 10.889 440.336 58.5 -149.13 438.696 38.7 170.905 441.986 78.4 -321.38 274.486 -127 355.65 244.806 -57.2 -371.59 181.618 -400.7 438.93 172.436 -335.7 -0.24 239.576 164.8 -116.01 37.732 258.1 93.265 39.88 284.1 -154.63 -318.944 -22.5 95.702 -385.664 118.7 -124.56 -743.914 -65 68.059 -753.264 -30.4 -107.5 -94.186 2960.4
0.1829 19.586 607.6 -67.5 10.493 430.2 49.6 -149.01 424.35 27.1 169.993 436.04 72.2 -338.42 297.2 -149.4 371.06 260.72 -72.7 -366.91 206.677 -425.6 429.12 200.456 -358.5 1.08 235.26 166.8 -112.69 36.496 269.2 96.005 44.143 298.7 -155.32 -300.69 -33.7 102.665 -376.91 122.2 -127.14 -738.86 -79.5 69.918 -750.72 -36.5 -107.17 -108.95 2961.5
0.1963 21.541 591.69 -69.2 12.848 414.81 48.8 -145.76 404.8 22.2 171.455 424.83 75.3 -349.74 298.4 -165.4 378.99 273.59 -79.6 -357.52 214.75 -444.3 414.96 215.36 -367.2 4.79 221.6 169.6 -107.03 21.84 273.1 100.487 34.94 307.9 -155.43 -295.52 -49.7 108.643 -377.78 113.2 -127.53 -738.6 -89.4 68.691 -749.91 -44.7 -107.12 -114.22 2957
0.2084 23.473 575.31 -69 14.954 398.81 48.6 -143.05 386.91 19.1 172.958 410.72 78.1 -351.94 310.75 -178.4 393.93 295.32 -90 -346.57 230.575 -457.2 407.73 238.27 -380.5 6.64 206.261 170.9 -104.97 5.93 274 101.632 21.49 312.5 -168.89 -264.6 -61.2 104.451 -387.9 110.3 -133.94 -732.64 -88.5 65.869 -751.1 -44.5 -109.01 -131.15 2955.2
0.2162 25.792 559.41 -79.7 20.174 389.69 45.1 -137.84 374.01 17.4 178.187 405.36 72.7 -349.32 325.94 -185.8 406.57 309.8 -93.9 -340.18 242.209 -461 401.91 250.65 -384.8 15.72 203.21 176.4 -92.06 6.48 289.6 114.596 26.99 325.7 -166.56 -216.24 -49.6 117.124 -379.09 116.6 -123.08 -697.76 -73.3 79.748 -716.8 -33.1 -111.15 -144.17 2951.1
0.2242 18.274 551.06 -83.7 17.463 380.64 41.7 -141.12 364.43 17.8 176.05 396.85 65.5 -348.43 329.44 -189.6 412.02 323.91 -103.1 -337.49 244.478 -465.7 394.23 251.21 -387.4 16.203 195.878 175.7 -88.76 0.52 294.2 118.644 21.72 325.4 -186.26 -196.3 -58.6 111.741 -383.47 114.5 -133.52 -690.06 -81.9 72.601 -716.3 -43 -109.28 -147.59 2948.7
0.232 22.962 546 -81.5 23.007 375.58 41.7 -135.39 358.08 17.2 181.403 393.08 66.2 -346.88 332.83 -185.7 415.84 339.08 -103.5 -331.39 250.352 -466.4 389.5 253.76 -383 22.811 190.384 175.4 -80.94 -6.25 293 126.171 16.63 325 -194.78 -185.43 -71.4 111.399 -389.01 115.4 -130.92 -692.31 -84.1 74.972 -713.57 -39.8 -111.47 -153.41 2943.3
0.2402 20.968 536.33 -80.9 18.718 362.69 40.2 -139.55 347.07 13.6 176.984 378.31 66.7 -351.55 318.92 -186.3 414.31 334.54 -102.7 -326.2 242.845 -467.7 384.99 246.068 -383.7 14.73 177.055 173.2 -92.75 -18.8 288.9 114.237 1.63 323.6 -219.76 -185.76 -65.2 92.949 -404.2 114.8 -148.83 -688.7 -80 57.593 -717.13 -36.6 -107.62 -147.21 2941.1
0.2478 15.794 525.32 -94.4 15.319 357.12 33.9 -143.06 340.04 8.9 173.696 374.19 58.9 -352.3 323.06 -187.4 410.62 337.91 -104.1 -323.64 247.1 -469.3 379.1 239.505 -384.5 13.091 175.347 172.1 -92.7 -17.59 294 114.427 4.74 326.7 -217.05 -180.9 -46.4 100.552 -405.48 126.2 -141.08 -677.87 -69.8 66.347 -705.95 -30.4 -105.77 -151.23 2942.3
0.2558 15.955 524.21 -86.7 16.655 353.39 37.4 -142.18 337.62 14.6 175.492 369.16 60.3 -348.59 330.77 -186 413.37 338.16 -101.8 -317.06 247.578 -463 380.53 234.275 -382.8 15.373 169.611 173.1 -89.78 -24.48 293.8 117.963 -3.86 323.7 -217.17 -183.82 -55.2 103.037 -412.66 120.1 -141.19 -682.31 -78.9 69.057 -715.49 -36 -107.47 -153.84 2939.9
0.2648 20.329 524.36 -85.4 19.088 351.4 35.4 -139.51 336.44 10.5 177.687 366.37 60.4 -347.76 326.21 -187.9 411.72 331.43 -101.2 -318.27 240.216 -464.9 378.41 223.834 -384.2 15.623 165.826 168.6 -91.56 -29.54 285.5 115.871 -9.97 318.1 -222.21 -178.79 -51.6 98.3924 -419.15 115.4 -144.22 -678.03 -83.9 64.283 -709.33 -38.8 -107.26 -147.26 2941.3
0.2718 20.152 520.42 -94.9 18.135 350.77 32.7 -140.8 336.61 9.4 177.068 364.94 56 -345.31 326.69 -186.4 414.43 330.33 -99.1 -313.64 239.426 -463 377.68 221.792 -384.4 14.344 167.931 169.6 -93.38 -24.17 291.2 114.484 -5.65 321.7 -221.02 -170.16 -37.2 93.292 -417.16 124.2 -144.53 -673.28 -71.9 64.309 -705.44 -31.9 -108.17 -147.23 2939.6
0.2888 24.211 520.36 -88.5 20.494 347.35 34.7 -138.02 333.22 8.7 179.011 361.48 60.7 -345.64 322.45 -184.5 414.73 327.31 -102.3 -323.52 233.838 -458.8 376.4 215.265 -385.1 15.004 162.517 168.8 -94.15 -31.56 286 113.181 -13.07 320 -218.36 -185.06 -47.6 93.8 -427.06 127.5 -142.11 -686.12 -82 65.056 -717.19 -37.9 -107.08 -141.75 2941.1
0.3038 22.029 527.57 -99.5 18.848 357.8 28.3 -139.97 344.48 3.7 177.668 371.11 52.9 -347.06 330.56 -187.3 418.13 334 -103.7 -326.98 240.467 -458.8 384.87 226.291 -386.2 13.196 174.272 164.3 -96.31 -17.96 284.2 111.398 -0.55 316.3 -220.48 -169.61 -44.8 95.663 -413.53 121.3 -144.86 -670.64 -81 64.374 -704.2 -42 -107.29 -147.71 2941.6
0.3168 22.879 533.18 -89.7 16.367 358.93 30.8 -142.39 348.85 4.6 175.123 369 57.1 -348.71 326.73 -192.9 414.87 330 -110 -338.42 233.438 -464.2 388.83 223.574 -389.6 6.88 171.001 160.2 -106.44 -23.51 272.3 101.229 -10.33 306.7 -228.55 -187.33 -60.4 86.46 -425.74 116.8 -150.74 -684.84 -90 56.64 -720.81 -47.8 -105.97 -142.33 2939
0.3238 25.033 535.31 -97.3 19.847 364.07 27.6 -139.04 352.42 2.7 178.735 375.71 52.4 -347.61 334.6 -195.2 416.67 341.26 -112.7 -340.49 237.847 -464.5 390.37 230.395 -386.5 12.653 178.433 160.4 -98.44 -14.81 277 109.354 0.42 309.5 -212.88 -181.23 -50.9 104.368 -417.11 124.1 -133.97 -677.49 -68.7 70.881 -708.77 -32 -106.22 -147.91 2939.7
0.3318 24.497 532.04 -92.2 18.225 358.92 29.5 -140.5 347.45 3.4 176.945 370.38 55.6 -349.36 342.11 -200.4 422.27 340.46 -107.7 -343.88 234.72 -467.2 387.65 230.304 -380.3 10.42 171.196 159.4 -101.17 -24.02 272.2 106.401 -9.03 306.4 -224.42 -194.44 -69.2 95.6641 -425.69 119.1 -143.97 -689.06 -76.6 60.137 -720.95 -37.7 -104.54 -144.78 2941.7
0.3398 23.954 534.97 -88.4 17.766 358.39 30.3 -140.84 347.09 3.3 176.367 369.69 57.2 -348.54 330.72 -193.3 424.78 334.91 -104.4 -339.43 231.695 -465.7 387.21 229.229 -378 9.485 169.348 158.3 -102.51 -27.09 268.7 104.915 -12.3 304 -222.26 -191.36 -65.1 91.85 -427.24 113 -145.03 -681.67 -77.8 61.472 -716.7 -37.6 -104.91 -140.06 2941.9
0.3478 25.572 538.39 -87.9 22.105 363.78 31.5 -136.53 350.66 5.7 180.74 376.91 57.4 -347.13 333.68 -193.6 426.52 342.78 -105.6 -331.17 239.006 -468 388.34 239.697 -376.5 16.443 176.017 161.5 -92.96 -20.33 274.7 114.526 -3.16 308.5 -210.78 -187.23 -54.4 102.801 -421.48 125 -133.67 -674.88 -67.2 73.223 -707.4 -31.6 -107.59 -145.35 2943.4
0.3608 21.267 537.9 -90.3 19.01 363.07 29.7 -139.53 348.73 3.9 177.552 377.41 55.5 -350.22 328.16 -193.5 414.61 338.72 -105.5 -327.57 238.248 -468.9 380.24 239.244 -375 14.796 175.313 159.8 -93.09 -21.82 273.1 114.257 -3.07 306.9 -218.66 -187.17 -58.7 96.1901 -419.73 120.2 -139.6 -683 -76.6 65.681 -712.85 -41.1 -104.65 -142 2946.4
0.3758 16.607 531.43 -94.1 15.02 358.63 28.6 -143.09 342.16 1.5 173.134 375.09 55.6 -355.78 327.21 -188.4 414.64 337.49 -100.4 -327.02 243.76 -465.4 373.09 242.018 -372.2 12.201 171.082 159.1 -94.02 -27.23 271.9 112.789 -5.69 307.3 -223.33 -191.92 -60.5 96.0757 -419.52 114.3 -142.8 -689.84 -77.5 62.36 -719.77 -40.5 -102.16 -143.12 2950.4
0.3878 14.915 534.23 -95.6 15.752 361.82 27.1 -142.41 344.35 0.9 173.911 379.3 53.3 -363.38 314.95 -169.5 418.82 324.09 -97.5 -330.24 239.32 -449.2 367.43 225.93 -362.4 14.94 173.96 157.2 -89.29 -25.33 270.1 117.551 -2.48 304.4 -220.64 -182.24 -66.1 98.858 -410.4 99.7 -139.38 -678.2 -84.1 66.524 -711.24 -48 -100.09 -127.91 2952.5
0.3988 18.719 543.95 -87.3 17.542 366.07 27.8 -140.77 351.24 1 175.85 380.89 54.7 -368.81 309.21 -158.7 424.27 325.31 -76.1 -326.29 238.13 -437.3 365.55 221.15 -341 14.926 173.066 149.8 -91.22 -29.63 254.1 115.843 -10.24 289.3 -226.59 -201.02 -89.5 88.929 -423.21 96.2 -146.46 -705 -97.5 59.68 -736.14 -60.1 -100.44 -119.7 2956.1
0.4148 15.626 555.95 -85.6 13.113 376.33 27 -145.413 363.41 0.5 171.644 389.25 53.6 -375.653 304.27 -141.6 429.377 330.81 -54.3 -325.023 234.62 -418.2 356.807 214.99 -315.3 9.232 180.988 145.3 -98.313 -22.81 246.1 109.019 -5.9 280.9 -230.003 -204.3 -94.1 85.109 -421.05 91.7 -147.443 -700.79 -92.1 54.797 -732.6 -57.7 -98.987 -112.01 2959.8
0.4298 16.596 569.42 -86.9 10.71 386.73 25.3 -147.914 376.34 -1.8 169.33 397.12 52.4 -376.684 293.06 -108.7 433.826 336.34 -33.5 -317.274 225.2 -387.2 349.366 202.58 -280.1 3.938 189.648 140.6 -106.564 -14.23 238.1 100.9 -0.64 273.5 -221.914 -214.33 -93.4 79.554 -421.59 97.7 -146.634 -705.57 -97.4 52.967 -737.56 -59.7 -98.146 -100.93 2963.8
0.4438 20.826 583.351 -77.6 13.997 398.101 28.5 -145.006 389.971 3 173.004 406.231 54 -370.426 289.901 -76.3 431.324 333.981 -7.6 -307.376 217.521 -355.3 335.464 203.941 -254.2 6.906 197.191 136.7 -104.176 -9.039 228.3 103.803 1.59 261.6 -204.276 -228.839 -92.9 91.9203 -419.459 84.9 -138.136 -716.469 -103.4 61.612 -753.249 -68.5 -99.544 -93.301 2966.8
0.4608 21.021 596.585 -75.4 12.428 409.675 27.1 -146.424 403.245 0.1 171.282 416.115 54 -372.404 291.855 -47.1 420.956 337.935 17.8 -303.784 208.995 -318.8 328.936 199.705 -221.4 3.367 205.695 129.2 -109.574 -2.489 213.8 98.1839 5.929 249 -202.704 -239.615 -110 85.009 -415.645 73.3 -138.634 -722.925 -109.7 53.767 -756.085 -72.3 -98.566 -90.075 2973.3
0.4758 19.679 610.538 -64.8 10.169 419.408 29.2 -148.525 414.188 1.1 168.865 424.618 57.4 -368.165 287.998 -16.9 418.005 327.588 46.6 -296.795 194.878 -281 322.845 186.388 -188.8 0.671 210.898 121.4 -112.605 -1.015 195.1 94.9464 5.803 231.9 -179.335 -294.952 -111.9 82.715 -415.822 56.1 -133.355 -731.352 -118.2 52.731 -762.402 -83.3 -97.795 -80.638 2977
0.4888 19.107 631.858 -38.6 8.922 434.228 37.7 -149.536 430.878 8.1 167.384 437.588 67.4 -367.036 293.738 15 401.014 324.148 85.4 -292.266 183.168 -235.7 301.994 182.578 -153 -0.599 219.568 112.8 -113.746 2.702 168.5 93.5093 7.091 207.3 -164.906 -330.752 -115.9 84.774 -417.592 38.9 -126.806 -746.612 -127.2 52.531 -770.232 -90.5 -96.884 -78.118 2982
0.5058 17.545 649.55 -16 8.148 446.08 44.8 -150.463 444.18 15.7 166.757 447.98 73.9 -352.623 290.66 45 389.887 317.82 112.8 -283.563 161.298 -200.6 292.007 162.08 -113.8 -0.165 226.71 104.5 -112.193 6.096 145.2 95.2395 8.581 183.2 -152.233 -361.67 -104.7 83.732 -420.37 26.5 -119.823 -759.5 -125.2 55.654 -769.92 -95 -97.877 -70.84 2986.9
0.5198 14.171 660.603 -20.1 5.744 454.933 41.9 -152.97 452.803 13.3 164.456 457.053 70.4 -347.93 295.913 68.1 386.82 317.483 135 -284.27 137.748 -162.2 285.66 147.332 -78.7 -1.483 234.193 98.5 -112.49 12.07 136.4 95.0732 14.845 173.7 -140.08 -376.527 -89.9 86.411 -419.797 34.2 -117.99 -772.667 -113.6 51.768 -772.667 -84.8 -97.82 -65.993 2992.3
0.5328 14.546 679.985 -13 7.876 471.015 43.1 -151.05 469.295 15.7 166.8 472.735 70.5 -339.76 304.455 87.8 363.62 329.195 157.8 -284.07 122.067 -126.7 282.5 131.065 -42 1.881 248.265 91.9 -108.04 24.386 122.7 99.8141 26.636 158.5 -124.82 -377.065 -86.8 88.708 -410.875 28 -112.01 -767.935 -123.9 54.589 -769.605 -97.2 -100.65 -70.975 2997.9
0.5408 13.004 691.421 -13.6 7.192 482.441 41 -151.81 480.571 14 166.191 484.301 67.9 -321.91 317.041 101.5 349.28 322.911 178.5 -279.78 105.862 -88.9 268.89 114.925 -14 2.183 258.701 86 -106.8 33.737 113.4 101.148 36.181 148.7 -114.27 -378.029 -79 84.399 -403.549 26.2 -110.72 -765.779 -122.2 55.529 -767.689 -97.6 -101.8 -70.301 3004.8
0.5488 15.482 707.562 10.3 9.412 494.582 50.7 -149.86 494.692 25.4 168.687 494.462 75.9 -308.51 315.492 119.7 328.26 299.792 192.1 -261.88 83.195 -50.5 263.53 81.148 0.6 4.115 268.912 83.1 -105.35 43.317 99.1 102.989 43.172 132.1 -106.08 -377.198 -75.6 83.424 -399.838 22.8 -107.05 -765.668 -129.7 56.916 -772.318 -106.4 -103.61 -63.532 3010.1
0.5558 14.06 718.751 19.7 9.421 504.771 53.6 -149.87 505.131 28.4 168.708 504.421 78.9 -289.01 316.911 131.4 318.04 325.201 210.4 -247.01 69.8842 -23.3 264.82 89.865 34 4.85 278.081 79.3 -103.87 51.624 88.4 104.446 51.157 121.4 -96.23 -377.139 -65.4 80.293 -395.409 29.8 -104.48 -777.409 -127.5 58.295 -776.819 -107.7 -106.37 -66.701 3014.8
0.5678 10.179 730.105 24.1 5.13 514.595 55.3 -155.07 515.735 39.1 165.332 513.455 71.5 -271.71 308.485 144.7 302.82 350.955 223.5 -243.35 53.012 -2.4 265.51 97.347 70.3 1.36 287.305 76.6 -107.34 60.7697 87.2 102.508 59.276 108.5 -94.33 -374.885 -46.1 79.844 -388.465 21.1 -107.38 -773.275 -120.3 56.53 -775.345 -113.1 -109.29 -69.805 3018.4
0.5758 9.33 737.709 36.4 4.39 521.459 60.8 -155.71 523.719 42.7 164.485 519.199 79 -260.56 292.009 147.2 283.23 347.359 224.7 -239.81 27.174 14.6 264.73 78.009 98.2 -0.28 293.609 73.6 -109.56 67.229 74.5 99.685 64.28 98.3 -86.56 -371.871 -46.8 79.884 -386.221 26.4 -104.61 -772.741 -135.8 58.305 -772.831 -110.8 -110.77 -66.519 3021.1
0.5838 5.85 749.039 43.6 2.68 532.009 63.7 -157.36 533.639 44.4 162.725 530.379 83 -253.89 298.819 152.2 267.17 333.309 223.1 -239 25.328 36.9 260.99 56.371 109.1 -0.56 303.829 71.3 -108.42 76.7172 66.4 100.812 74.5886 91.6 -76.29 -367.171 -32.6 80.672 -378.121 36.2 -99.32 -775.021 -133.1 62.612 -773.471 -110.3 -111.42 -76.359 3022.4
0.5918 8.11 758.95 49.9 5.35 541.92 68.8 -154.67 543.34 49 165.38 540.5 88.5 -239.62 299.26 141.4 250.82 324.11 219 -236.25 15.733 56.1 250.23 41.233 117.8 2.7 313.58 73.9 -104.58 86.1675 66.1 104.668 84.314 91.9 -65.84 -360.74 -16.6 66.069 -368.43 51.6 -95.37 -766.71 -125.6 65.608 -764.06 -101.9 -113.88 -83.81 3021.4
0.5998 7.52 771.116 53.5 4.61 553.196 71.9 -155.39 554.886 51.8 164.608 551.506 92 -227.23 299.206 125.6 239.95 320.676 216 -235.83 9.093 68.4 239.73 34.788 121.2 1.79 324.776 75.1 -105.65 97.4601 65.1 103.586 95.2442 91.4 -61.39 -351.484 -3.7 58.262 -357.674 56.3 -99 -758.164 -125.3 64.458 -754.324 -103.3 -114.92 -94.736 3019.4
0.6078 5.63 772.644 65.9 3.18 553.954 78.8 -156.68 556.174 57.7 163.053 551.734 99.9 -219.63 288.914 105 235.8 299.654 208.9 -236.36 -4.82 84.5 231.14 8.639 132 0.39 325.574 76 -106.95 98.6424 59.4 102.139 95.7448 87 -62.91 -351.226 -5.8 58.411 -357.896 56.4 -100.28 -754.716 -130.1 62.801 -757.296 -104 -115.51 -92.934 3020.4
0.6218 5.49 774.229 73.2 2.99 555.239 82.9 -157.27 557.699 65.3 163.244 552.779 100.6 -214.48 288.609 91.1 232.52 299.199 205.2 -243.25 -4.843 101.4 223.42 6.328 134.2 0.19 326.909 76.5 -107.43 100.18 58.5 102.214 96.9616 81.6 -59.23 -350.671 3.7 53.222 -356.771 66.3 -97.95 -755.851 -126.3 67.231 -756.111 -106.4 -116.4 -92.259 3020.2
0.6338 4.89 782.79 78.8 1.78 563.83 86.7 -158.68 565.84 70.8 162.238 561.81 102.6 -209.96 294.38 89.6 231.85 318.35 206.6 -236.47 -0.72 107.6 216.948 24.857 138.2 -0.24 335.52 78.2 -107.19 108.538 59.2 102.654 105.899 80 -56.48 -342.55 7.4 54.22 -348.14 79 -96.33 -750.53 -123.5 69.725 -749.95 -103.6 -119.61 -100.62 3018.7
0.6408 6.2 787.922 94.9 2.68 568.662 95.4 -157.54 571.782 77.4 162.893 565.542 113.4 -207.42 292.682 89.2 226.63 316.882 198.9 -239.56 -2.105 115.2 213.388 22.882 131.5 -0.33 340.582 82.6 -108.12 114.544 58.1 101.428 110.458 81.6 -53.12 -336.558 10.5 57.108 -343.958 70.5 -95.27 -745.938 -124.9 70.32 -744.898 -99.5 -121.23 -97.692 3017.6
0.6588 9.34 792.866 102 5.22 572.996 100.4 -154.78 576.726 80.7 165.228 569.266 120.2 -212.08 283.316 82.4 221.787 318.626 194.4 -231.13 -18.134 93.9 212.837 23.79 129.8 1.76 345.036 85.4 -106.33 119.518 57.5 102.928 114.637 83.3 -48.52 -331.674 13.9 56.525 -339.784 74.6 -91.49 -752.634 -121.7 73.173 -746.654 -98.1 -122.73 -96.826 3018.5
0.6728 8.88 791.488 105.8 3.72 572.178 102.5 -156.55 576.328 85.2 163.988 568.028 119.8 -207.17 284.018 83 221.754 318.558 189.4 -228.54 -20.052 98.3 213.214 22.271 131.8 -0.48 344.268 86.6 -109.48 119.077 59.4 100.142 113.643 82 -52.53 -332.192 15 50.794 -340.492 71 -96.18 -755.272 -122.3 70.148 -752.422 -98.3 -124.23 -93.658 3019.3
0.6838 9.66 793.943 105.9 3.95 574.233 103.1 -156.4 578.603 86.5 164.292 569.853 119.8 -214.23 288.003 90.2 219.249 319.733 186.8 -225.13 -18.107 95.6 214.47 23.116 130.1 -0.67 346.283 87.7 -110.13 121.2 61.4 99.564 115.481 83.2 -51.85 -329.267 11.1 54.407 -339.137 82.5 -92.3 -755.547 -121.7 76.766 -752.137 -98 -125.95 -95.403 3019.9
0.6938 7.84 791.091 105.5 0.97 571.751 102.7 -159.37 576.471 86.1 161.316 567.031 119.4 -214.94 291.581 92 214.292 313.441 179.3 -225.78 -15.469 93.9 213.973 15.209 132.7 -4.15 343.801 87.5 -114.12 118.936 61.3 95.584 112.763 83.1 -53.15 -331.249 11.5 49.899 -341.859 87 -93.47 -757.019 -127.2 77.01 -757.629 -100.4 -125.34 -96.151 3020.7
0.7018 5.26 793.35 106.9 -1.47 574.01 103.5 -161.89 578.49 87.5 158.957 569.53 119.5 -214.91 299.46 94.9 208.966 311.9 176.9 -231.71 -7.72 97.7 213.524 13.247 132.8 -6.34 346.03 88.6 -116.12 120.977 63.1 93.69 115.118 84.1 -50.17 -328.55 13.9 52.451 -339.97 84.5 -91.89 -752.88 -126.9 78.952 -752.16 -99.9 -125.08 -99.91 3020.5
0.7098 6.1 787.013 106.2 -0.76 567.783 103.7 -161.29 572.253 88.8 159.761 563.303 118.7 -218.42 284.293 95.9 215.574 307.123 173.2 -226.42 -23.357 94.1 214.591 8.859 126.1 -5.82 339.743 89.7 -115.84 114.638 65.9 94.106 108.783 85.5 -49.26 -334.207 11.5 56.819 -346.637 81.4 -89.76 -758.467 -125.8 80.751 -757.757 -101.2 -126.57 -93.373 3021.3
0.7218 3.99 790.673 102.9 -2.45 571.583 102.6 -162.99 575.693 87.6 158.078 567.473 117.6 -221.64 290.063 94.5 215.295 313.873 184.4 -224.35 -17.437 82.4 219.856 16.964 129.9 -7.17 343.433 90.6 -116.87 117.971 68.8 93.089 112.598 88.4 -49.15 -330.847 15.5 57.406 -342.487 71.1 -90.02 -754.817 -126.4 79.179 -753.977 -101.9 -125.74 -95.413 3022.6
0.7298 4.5 783.85 106.7 -2.28 565.49 103.1 -162.82 570.41 88.5 158.257 560.56 117.7 -222.71 296.49 94.9 212.716 313.6 175.2 -222.96 -10.76 75.4 222.691 16.505 122.3 -7.93 337.53 88.4 -118.57 112.796 64 91.402 106.353 83.2 -49.63 -335.39 7 58.32 -348.49 56.4 -92.74 -762.52 -137.9 76.365 -760.41 -111.1 -125.67 -98.42 3022.3
0.7408 6.69 777.547 94.7 -1.27 560.967 97.6 -161.79 566.617 83 159.25 555.327 112.2 -223.12 290.257 91.7 206.73 298.347 171.2 -221 -16.073 61.5 224.729 2.452 114.1 -8.42 332.837 88.1 -120.55 108.384 69 89.401 101.006 88.1 -53.16 -339.473 7.8 51.898 -353.893 68.6 -89.69 -759.873 -120.6 78.327 -757.223 -101 -125.58 -99.047 3022.1
0.7558 4.39 772.54 86.2 -3.38 554.97 92.5 -163.67 560.35 75.6 156.907 549.58 109.4 -223.42 276.72 87.7 204.331 291.49 168.3 -225.99 -27.16 40.7 230.09 -2.317 104.2 -10.42 326.69 86.5 -122.28 101.942 69.4 87.38 94.8977 91.5 -56.99 -345.51 3.3 56.92 -359.89 61.6 -86.35 -758.33 -120.3 80.388 -757.71 -101 -125.25 -96.49 3022.5
