0 -0.1 781.567 107.9 -2.31 563.637 96.5 -162.81 566.207 80.9 158.184 561.057 112.1 -176.51 268.327 100.5 229.08 310.777 169.1 -175.74 -29.823 80.1 220.47 14.987 128.2 -4.02 336.007 76.5 -110.62 110.07 46.2 99.183 106.704 66.6 -62.82 -343.333 14.8 66.304 -348.373 38.4 -85.32 -756.473 -87.3 66.884 -789.103 -50.7 -122.52 -85.417 2991.7
0.0091 1.05 784.354 107.9 -1.28 566.124 97.1 -161.82 568.674 81.8 159.255 563.584 112.3 -172.6 270.444 97.7 225.99 310.564 157.9 -172.17 -27.836 79.3 219.165 13.821 124.6 -2.99 338.494 77.1 -109.65 112.521 47.1 100.251 109.196 67 -59.37 -340.696 16.6 67.07 -345.706 37.2 -83.96 -761.186 -89.4 59.974 -784.446 -30.6 -122.99 -87.454 2992.7
0.0166 0.03 786.621 106.6 -2.28 568.101 95.7 -162.95 570.391 82 158.387 565.811 109.5 -171.45 271.941 94.7 226.57 310.831 155.3 -171.29 -26.439 78.2 222.151 14.123 120.8 -3.84 340.441 76 -110.45 114.274 47.3 99.668 111.279 65.3 -59.56 -338.649 13.5 69.109 -344.079 41 -87.52 -759.819 -90.8 52.113 -779.939 -28 -124.26 -88.951 2994.5
0.0238 -0.84 790.408 106.7 -2.7 570.518 98.1 -163.42 572.638 84.9 158.021 568.398 111.3 -170.14 274.048 95.1 229.65 309.068 158.9 -170.17 -24.422 80.2 227.83 13.278 117.3 -4.19 342.748 79.7 -110.78 116.36 52.7 99.412 113.587 70 -58.05 -336.382 19.2 68.74 -342.092 60.3 -87.43 -756.982 -91.2 53.591 -773.422 -26.2 -125.48 -89.058 2992.6
0.0312 0.12 788.769 106 -1.92 569.679 97.6 -162.68 571.939 84.9 158.85 567.409 110.3 -168.01 273.259 93.2 232.93 305.789 151.1 -168.18 -25.281 79.8 230.75 10.688 104.7 -3.76 341.819 80.3 -110.73 115.456 54.6 99.526 112.488 71.2 -55.33 -336.801 18.9 70.96 -343.471 69 -86.15 -759.851 -94.8 48.633 -771.951 -26.9 -128.25 -89.159 2993.4
0.0415 -1.25 788.999 107.3 -3.61 570.089 99.4 -164.5 572.839 88.6 157.277 567.329 110.1 -168.73 274.099 95.2 234.25 304.169 147.1 -168.99 -24.501 83.2 239.06 11.058 90.7 -6.38 342.209 82.4 -114.36 116.141 58.4 96.073 112.537 72.5 -59.15 -335.301 14 66.125 -343.231 61.8 -86.23 -757.161 -93.1 50.265 -773.221 -27.5 -129.66 -88.789 2992.7
0.049 0.18 780.634 95.2 -3.51 561.614 93.9 -164.53 564.164 85.4 157.504 559.054 102.4 -167.9 265.394 90.7 237.88 301.784 143.7 -168.23 -33.256 79.9 247.2 12.678 71.2 -6.53 333.464 82.4 -114.85 106.987 65.4 95.757 103.644 76.5 -55.3 -343.986 21.7 71.191 -352.496 65.5 -80.76 -766.366 -87 53.495 -782.166 -25.1 -132.41 -87.394 2992.1
0.0568 2.23 770.378 89.1 -2.59 553.098 91.4 -163.63 556.868 83.8 158.45 549.328 99.1 -166.31 258.068 88 236.65 291.068 139.3 -166.68 -40.612 78.3 254.44 6.547 52.5 -7.51 324.858 82.4 -117.73 99.09 68.3 92.886 94.156 78.3 -53.96 -350.142 14.7 70.507 -361.762 58.4 -81.98 -766.022 -92.8 54.099 -792.552 -26.8 -131.85 -83.618 2991.8
0.0648 2.04 769.431 87.4 -3.3 551.021 93.5 -164.41 554.731 87.3 157.812 547.311 99.7 -166.54 255.911 90.7 236.96 282.401 130.9 -166.94 -42.799 81.9 268.19 6.984 23.4 -8.3 322.681 87 -118.66 96.772 76.4 92.045 91.921 84.5 -53.04 -352.419 24.1 73.708 -363.859 58.2 -80.34 -766.959 -86.5 53.503 -795.119 -23.7 -133.72 -78.711 2989.8
0.073 -2.59 766.279 86.4 -7.17 548.439 94.1 -168.3 552.169 88.3 153.962 544.709 100 -170 253.349 91 234.9 260.979 107.8 -170.4 -45.391 83.1 293.83 -4.109 -15.5 -12.28 320.049 89.2 -122.75 94.102 80.5 87.979 89.223 88.1 -52.52 -354.471 28.6 75.28 -366.841 62.8 -83.51 -771.091 -91.2 49.053 -796.711 -24.2 -130.28 -77.129 2989
0.0807 -0.61 759.206 76.9 -6.54 542.566 92.1 -167.57 546.946 84.5 154.486 538.186 99.8 -168.93 248.116 86.7 239.68 240.066 90.3 -169.34 -50.644 79.5 329.24 -6.202 -51 -12.84 314.256 94 -124.45 88.801 90.9 86.173 83.0747 100.9 -52.53 -358.794 33.3 73.998 -371.804 61.2 -84.48 -778.244 -83.8 52.254 -805.604 0.2 -129.91 -76.166 2986.6
0.0886 -0.48 749.987 69.4 -7.11 533.957 90.4 -168.02 538.657 80.8 153.803 529.257 100 -193.35 221.057 82.9 242.86 222.097 71.3 -214.95 -45.763 47.1 354.84 -3.896 -85.7 -14.26 305.827 98.5 -126.64 80.779 100.4 83.829 74.6315 112.9 -56 -364.673 28.1 75.123 -379.753 66.4 -82.28 -784.873 -77.2 53.446 -811.123 -10.7 -128.51 -66.177 2986.1
0.106 -3.62 747.581 69.7 -9.99 531.781 92.8 -170.74 536.311 80.9 150.767 527.261 104.7 -218.95 224.301 62.2 244.47 215.401 58.4 -262.62 -41.569 -11.2 381.59 21.482 -120.3 -17.27 303.771 104.4 -129.68 78.723 108.3 80.578 72.8041 123.9 -60.98 -365.639 27.6 74.769 -379.879 63.5 -85.5 -784.869 -79.7 52.17 -812.879 -5.4 -125.82 -66.461 2982.3
0.1189 -1.5 734.164 45.1 -8.8 520.654 84 -168.99 524.614 66.7 151.401 516.694 101.4 -235.41 227.494 25.9 253.28 216.074 46.7 -298.49 -26.348 -83.7 395.39 43.682 -153.4 -17.12 294.134 109.2 -130.26 70.207 123.1 79.369 65.0267 145.8 -58.38 -372.426 35.7 71.448 -387.546 83.7 -87.71 -793.036 -72.8 53.412 -819.466 6.4 -124.69 -65.254 2980.2
0.1304 -2.42 726.389 35.8 -9.77 516.899 82.7 -169.75 520.469 63.1 150.211 513.329 102.3 -251.11 241.959 0.2 266.44 226.419 35.8 -327.69 4.417 -144.2 412.26 74.392 -187.9 -18.91 291.419 116.3 -132.65 68.2854 137 76.541 63.618 162.6 -70.39 -371.851 32.9 69.727 -385.161 79.5 -90 -789.561 -70.4 49.267 -817.981 7.3 -122.71 -72.049 2976.1
0.144 1.04 714.636 32 -8 504.776 80.7 -167.87 508.396 60 151.868 501.166 101.4 -264.68 238.356 -26.3 282.64 231.456 23.3 -350.44 21.908 -200.4 426.41 96.813 -216.2 -18.13 280.086 119.6 -132.79 57.7547 145 76.265 53.026 172.1 -84.54 -379.824 24.9 76.588 -393.184 75.7 -89.46 -789.904 -71.2 51.947 -825.144 -0.6 -121.29 -66.286 2974.7
0.1573 -1.02 698.377 18.9 -10.64 491.337 76.8 -170.2 493.987 53.7 148.926 488.687 99.8 -280.4 237.767 -51.5 293.68 232.987 1.3 -367.77 43.047 -252.1 436.64 115.428 -245.9 -21.41 268.727 125.6 -136.52 47.848 159.4 72.173 44.38 189.6 -103.11 -388.533 30.2 80.291 -396.463 72.5 -94.44 -795.823 -63.8 45.886 -830.113 14 -117.09 -64.447 2971.7
0.1746 2.61 680.857 1.2 -8.77 478.847 70.3 -168.31 481.487 46.9 150.776 476.217 93.7 -316.16 283.127 -111.1 314.14 241.957 -22.9 -385.34 172.317 -370.9 447.76 140.573 -278.2 -21.3 259.457 131.1 -138.14 41.786 176.6 70.499 38.337 207.2 -111.51 -387.813 25.8 83.236 -396.573 70.2 -96.45 -796.183 -57.3 44.066 -829.833 10 -115.86 -69.697 2971.4
0.1896 7.17 673.776 -18.1 -5.58 476.056 64.5 -165.17 478.186 41.3 154.002 473.916 87.7 -329.36 297.656 -123 338.29 255.086 -28.4 -383.52 196.016 -392.7 451.33 167.087 -301.3 -19.21 261.006 138.5 -137.2 47.361 197.4 71.516 44.571 227.7 -123.1 -378.064 33.3 86.179 -387.704 81.7 -97.63 -776.014 -59 51.702 -794.694 -6.8 -116.65 -75.946 2967.2
0.2027 11.03 673.532 -28.5 -1.58 477.252 60.1 -161.02 478.162 35.9 157.868 476.342 84.3 -344.51 313.492 -136.2 353.31 272.672 -30.4 -383.19 211.322 -405.5 451.93 193.702 -312.8 -15.24 264.942 142.2 -133.18 53.231 208.4 75.356 52.042 240.1 -127.04 -359.148 15.2 95.207 -379.868 92.9 -94.05 -773.338 -62.9 58.901 -778.898 -23.3 -115.53 -81.112 2965.3
0.2143 16.39 656.784 -42.7 2.71 465.724 54.8 -156.37 465.014 28.4 161.803 466.424 81.1 -347.92 315.644 -145.4 371.48 288.634 -33.4 -374.08 217.334 -416.3 445.45 209.254 -322.8 -11.55 257.394 146.4 -129.85 48.617 220.8 78.238 49.533 255.3 -136.72 -346.286 -4.3 96.358 -383.106 109.5 -92.47 -786.076 -50.8 59.656 -782.076 -34.3 -115.18 -81.894 2962.9
0.2234 14.54 640.117 -59.3 2.43 455.537 48.6 -156.76 453.257 22.9 161.606 457.817 74.4 -353.74 326.927 -152.5 382.95 300.957 -50.4 -371.73 235.217 -427 439.59 225.687 -343.6 -11.38 252.877 152 -129.28 48.721 238.5 78.903 51.697 272.2 -154.68 -332.703 -7.8 94.927 -376.973 115.1 -88.33 -784.763 -43.7 65.058 -771.823 -34.1 -112.81 -89.567 2962.7
0.2355 13.22 620.774 -69.2 1.99 440.544 44.3 -157.19 436.424 18.8 161.169 444.654 69.8 -360.32 328.064 -162.1 389.02 303.094 -60.5 -367.36 243.554 -440.8 430.56 231.514 -357.3 -10.73 241.964 155.7 -127.55 40.702 250.4 80.642 46.086 283.8 -162.64 -323.296 -20 97.326 -379.506 118.6 -94.48 -777.346 -54.6 66.645 -768.976 -39.1 -108.97 -90.884 2961.7
0.2457 13.881 602.44 -74.4 4.86 426.11 43.8 -154.16 418.8 18.1 163.879 433.42 69.5 -359.94 339.16 -170.1 402.21 326.17 -75.2 -359.24 252.79 -450.9 424.48 240.98 -368.1 -5.43 231.82 162.9 -119.73 32.752 265.1 88.271 42.315 298.7 -158.89 -315.62 -25.3 100.954 -380.81 126.9 -103.21 -762.53 -59.9 68.164 -768.86 -38.8 -109.74 -100.05 2959.9
0.2577 15.807 601.23 -71.6 8.12 423.11 44.9 -150.97 414.16 20.1 167.215 432.06 69.6 -357.29 348.48 -168.2 407.28 338.99 -80.8 -352.78 259.47 -447.5 414.64 250.46 -368.4 0.37 229.04 164.9 -111.42 29.128 268.7 96.641 40.831 301.1 -160.99 -299.65 -42.1 110.026 -375.09 113.1 -107.4 -745.82 -75.9 68.946 -760.93 -48.5 -110.55 -109.43 2953.6
0.2731 14.441 575.84 -69.9 7.45 400.72 46 -151.59 390.62 21.3 166.482 410.81 70.8 -358.95 351.81 -171 412.84 344.07 -87.3 -348.54 254.19 -448.3 400.74 253.11 -363.9 0.57 208.234 168.8 -110.31 9.15 275.3 97.6786 22.356 307.7 -167.39 -313.07 -42.1 105.76 -393.02 117.8 -121.05 -743.67 -74.7 62.494 -766.29 -37.5 -107.48 -111.79 2950.2
0.2859 13.142 564.75 -62.9 7.952 388.75 51.7 -150.57 376.51 24.9 166.472 400.99 78.6 -356.86 351.41 -169.2 416.03 353.03 -82.8 -340.2 253.47 -444.7 391.68 256.14 -355.7 1.89 196.553 175.1 -107.86 -3.65 280.9 99.495 12.36 316 -171.35 -317.1 -44.6 105.258 -399.15 117.7 -128.41 -729.07 -78.6 60.751 -755.83 -35.1 -104.86 -116.39 2943.3
0.3011 14.614 558.39 -60.2 9.376 380.2 51.8 -149.19 368.78 24.7 167.944 391.62 78.8 -350.33 359.85 -176.2 421.61 367.16 -82.5 -326.7 258.35 -448.8 390.78 266.57 -353.1 2.65 186.616 172.9 -107.76 -14.44 276.4 99.6043 0.5 311.8 -178.73 -323.26 -52.3 100.883 -410.58 112.3 -134.23 -723.93 -82.2 57.719 -752.79 -42.1 -107.53 -128.34 2942.7
0.3128 14.451 548.46 -71.3 10.024 373.15 46.2 -148.74 361.44 20.4 168.792 384.85 71.9 -350.86 360.65 -185.5 419.61 370.33 -90.2 -320.88 249.55 -450.1 379.07 258.65 -352.1 3.84 182.022 171.2 -106.17 -16.76 279.3 101.472 -1.45 313 -190.2 -255.91 -58.1 104.248 -410.68 109.7 -132.45 -701.25 -77 62.756 -730.27 -36.3 -108.06 -129.91 2941.3
0.3202 15.202 539.17 -77.3 10.28 367.34 43.6 -148.65 356.24 18.6 169.207 378.45 68.7 -355.78 362.05 -191.2 416.95 370.91 -100 -320.51 243.74 -452.2 372.48 247.54 -352.2 3.11 178.885 172.5 -107.99 -16.83 285 99.865 -2.31 317.8 -204.43 -226.64 -66.2 101.614 -415.93 123.8 -135.06 -692.81 -70.2 61.62 -726.27 -30.4 -105.66 -130.69 2941.6
0.3284 17.429 540.71 -69.2 12.395 366.2 47.1 -145.67 352.43 18.5 170.464 379.96 75.7 -354.56 365.39 -198.4 414.81 372.37 -97.3 -311.58 237.93 -448.7 367.12 244.63 -350.4 6.122 175.974 173.5 -103.56 -23.25 281.1 103.254 -5.24 318.5 -207.26 -214.97 -77.3 102.574 -417.73 121.9 -131.07 -698.56 -79.8 64.117 -730.4 -34.4 -103.62 -132.23 2940.1
0.3365 15.251 520.1 -73.7 11.621 348.67 47 -146.2 333.08 17.9 169.444 364.25 76.1 -348.5 352.98 -199.5 417.18 367.96 -99 -300.3 226.01 -448.1 366.07 230.46 -346.2 6.407 160.251 176.1 -102 -38.36 286.2 104.387 -17.98 324.2 -208.58 -216.02 -63 97.9848 -431.03 128.9 -135.49 -706.81 -68.2 58.783 -739.07 -28.6 -103.6 -124.39 2939.9
0.3441 17.903 535.24 -80.4 11.088 364.44 41.4 -146.89 351.08 12 169.063 377.8 70.8 -344.02 362.92 -202.6 410.32 386.91 -102.8 -295.77 232.487 -449.4 365.15 238.56 -345.8 3.061 175.842 170.1 -108.27 -21.49 279.6 98.338 -4.02 318.1 -216 -182.82 -77.9 88.671 -416.7 122 -142.95 -682.71 -80.6 51.549 -719.44 -38.7 -102.53 -133.12 2941.8
0.3515 10.453 531.68 -79.8 10.708 359.93 41.5 -146.965 341.69 13.4 168.378 378.18 69.6 -343.585 355.21 -198.7 412.595 371.69 -99.8 -303.995 225.413 -448.3 360.255 233.9 -344.1 9.676 171.106 169.9 -94.505 -29.66 280.1 111.792 -5.79 316.8 -193.375 -199.58 -64.6 107.464 -422.9 130.4 -122.345 -699.53 -74.9 70.483 -729.05 -34.9 -99.695 -125.78 2940.8
0.3592 15.935 530.55 -81.7 12.178 359.53 40.2 -145.77 344.74 11.6 170.122 374.33 68.8 -340.88 349.79 -200.4 417.72 362.02 -98.5 -305.56 219.954 -449.4 367.39 232.24 -347.4 6.343 171.401 169.6 -102.77 -26.41 280.3 103.788 -7.06 317.7 -214.95 -201.76 -62.7 82.674 -423.81 132.2 -148.94 -693.23 -73.9 48.984 -733.71 -36.8 -101.26 -120.56 2940.5
0.3668 12.426 540.98 -70.1 9.72 362.92 42.7 -148.76 350.47 15.9 168.203 375.36 69.5 -342.06 337.48 -190.8 419.23 358.53 -97.8 -312.99 225.38 -451.5 365.72 226.22 -341.2 4.13 170.325 165.2 -105.09 -30.41 270.2 102.169 -14.13 305.2 -207.23 -211.34 -74.1 89.033 -431.09 119.2 -140.72 -705.58 -83.2 57.756 -746.13 -50.5 -100.58 -114.33 2939.8
0.3749 14.201 547 -64.9 9.71 367.06 44.3 -148.481 355.07 15.5 167.904 379.05 73.1 -338.701 335.97 -196 419.439 366.03 -97 -307.211 235.36 -462.7 372.859 227.75 -343.3 2.864 172.14 163.1 -107.421 -30.62 263.1 99.4537 -14.94 300.8 -203.751 -213.81 -63.7 84.469 -434.93 121.6 -138.501 -709.43 -82.2 53.986 -745.82 -43.5 -99.599 -114.92 2939
0.3828 15.486 550.5 -65.1 10.22 369.72 43.2 -147.615 357.39 12.6 168.06 382.06 73.8 -343.505 333.62 -191.4 418.565 363.66 -92.4 -311.845 238.51 -467.4 378.985 225.33 -342.7 2.598 174.312 161.3 -108.235 -29.17 259.4 98.1859 -13.04 299.4 -204.725 -212.1 -66.1 85.676 -433.12 120 -138.605 -707.91 -78.4 51.861 -744.33 -39.4 -98.635 -112.1 2940.4
0.3903 15.92 555.94 -64.1 8.192 374.91 43.7 -149.662 364.23 12.5 166.045 385.59 74.8 -350.422 351.53 -186 416.108 354.05 -82 -314.962 243.92 -461.5 375.518 225.74 -338.9 -1.386 178.218 159.5 -114.192 -25.46 254.9 92.2572 -11.49 295.7 -211.072 -217.43 -72.6 87.148 -431.85 116.6 -143.512 -708.34 -80.2 44.464 -745.93 -43.2 -97.648 -112.27 2941
0.3982 13.09 562.999 -66.3 6.941 381.289 40.1 -151.019 370.529 9.5 164.903 392.059 70.8 -351.959 351.479 -182.5 420.811 341.229 -73.5 -314.529 238.829 -452.7 377.101 216.169 -328.2 -1.566 183.124 153.5 -113.359 -22.081 246.9 93.2195 -8.001 287 -206.909 -221.971 -81.4 92.4078 -423.791 97.7 -136.619 -707.931 -81.2 51.988 -745.031 -47.3 -98.081 -98.339 2942.5
0.4061 15.028 575.448 -68.5 7.349 394.018 38 -150.876 384.428 8.3 165.575 403.608 67.7 -358.086 356.008 -174.9 424.304 348.868 -57.4 -309.456 250.108 -442.7 376.754 218.338 -314 -1.599 195.041 150 -114.016 -10.212 242.5 92.924 2.332 281.3 -205.756 -228.592 -84.5 93.3564 -418.412 103.5 -133.616 -714.072 -72.4 51.474 -748.222 -45.4 -96.944 -97.928 2945.9
0.4143 15.552 583.063 -65.5 5.856 399.433 39.7 -152.766 392.553 11.6 164.479 406.303 67.9 -370.176 347.673 -159 424.504 344.583 -41.2 -307.786 243.593 -424.5 375.224 207.363 -295.8 -4.696 198.643 148.2 -118.996 -6.646 238.3 88.4922 2.346 275.1 -208.626 -243.417 -94 88.1736 -419.437 99.5 -138.056 -721.647 -75.4 45.867 -759.517 -50.2 -95.364 -85.113 2945
0.4222 17.296 586.055 -68.1 6.45 401.845 36.9 -152.322 396.515 9.2 165.22 407.185 64.6 -369.752 341.495 -153.6 425.588 341.435 -29.2 -301.552 236.595 -407.7 377.058 204.275 -284.1 -5.092 199.325 142 -120.442 -6.699 229 87.195 0.282 265.2 -205.852 -262.395 -99.8 92.2558 -421.425 89.3 -136.072 -740.015 -80.5 47.789 -774.195 -50 -97.528 -77.705 2948.6
0.4305 18.664 601.115 -59.7 6.193 412.635 39 -153.027 410.295 13.8 165.419 414.975 64.2 -378.427 347.175 -132.9 425.223 346.045 -11.5 -298.547 236.115 -377.8 363.023 207.925 -257.2 -6.127 206.305 136 -122.597 -1.558 216.5 85.699 1.501 249.5 -200.477 -268.375 -114.8 93.1945 -420.625 74.6 -133.587 -741.685 -85.7 49.391 -778.705 -57.9 -97.803 -73.725 2951.3
0.4386 16.166 608.296 -46.5 5.234 414.516 42.2 -154.26 413.316 18.6 164.732 415.726 65.8 -381.74 336.426 -99.3 427.58 333.776 11.4 -294.44 224.346 -346.1 361.22 194.266 -235.3 -5.86 203.416 127.9 -121.24 -8.475 198.1 87.343 -6.895 229 -196.69 -291.284 -129.6 95.6497 -431.704 60.8 -130.24 -751.434 -96.6 49.746 -789.024 -66 -97.95 -57.656 2955.5
0.4465 15.826 629.227 -29.5 5.627 431.477 47.5 -153.869 430.987 23.7 165.124 431.967 71.3 -388.709 342.507 -57.2 422.441 347.687 38.7 -289.009 231.607 -305 361.671 205.547 -207.2 -4.719 216.057 121.3 -119.359 0.308 179.6 89.2184 0.951 210.7 -180.379 -328.673 -112.7 95.7681 -429.433 58 -126.779 -749.153 -101.4 48.022 -792.703 -68.9 -99.131 -60.627 2958.3
0.4544 12.239 640.066 -25.2 2.799 439.956 46.8 -156.519 439.046 21.8 162.115 440.856 71.8 -380.189 338.866 -18.4 414.381 355.496 68.1 -285.709 230.066 -271.9 347.851 201.186 -168.6 -6.589 222.266 114.4 -120.149 3.994 165.7 88.2121 5.177 198.4 -172.599 -353.634 -100.6 90.3129 -429.334 57.9 -123.949 -761.984 -94.9 46.218 -792.244 -67.1 -98.201 -59.946 2963.9
0.4624 9.09 656.75 -11.5 1.116 453.35 50.7 -158.193 452.04 25.6 160.423 454.66 75.8 -377.203 345.63 11.2 413.587 362.95 107.9 -290.463 226.34 -239 339.697 203.26 -127.4 -6.093 232.71 108 -117.483 11.215 148.9 90.864 12.928 181.7 -158.113 -362.46 -102.8 91.9263 -423.09 45.3 -116.803 -767.99 -99.6 50.375 -789.34 -77.4 -99.987 -64.68 2967.6
0.4703 8.794 663.319 5.4 1.867 456.549 54.9 -157.41 456.179 29.6 161.139 456.919 80.3 -380.24 324.409 44.9 394.65 359.079 131.9 -287.92 205.579 -203.2 320.93 185.429 -89.8 -4.65 233.059 99.1 -115.32 9.339 126.7 92.9893 9.823 159.9 -152.5 -381.451 -100.8 90.5447 -429.051 33.1 -108.7 -782.771 -106.6 52.863 -795.441 -86.3 -100.35 -54.939 2972.4
0.4892 9.471 678.664 -0.6 3.632 471.784 51.5 -155.9 471.234 27.8 163.162 472.334 75.1 -360.84 328.314 71.9 387.61 347.154 155.8 -286.63 187.264 -166.6 313.04 171.274 -65.2 -2.11 247.924 95.4 -112.18 23.699 123.9 96.4736 24.418 154.9 -137.52 -381.306 -80.6 91.12 -418.376 43.3 -106.43 -775.496 -89.7 53.206 -785.966 -72.4 -101.96 -57.084 2975.8
0.5024 10.465 688.587 7.2 6.258 479.977 52.5 -153.44 479.627 30.1 165.958 480.317 75 -349.8 335.477 97.1 369.42 354.347 175.1 -279.54 168.757 -131.2 297.57 150.208 -25.6 1.56 254.757 89.4 -107.58 29.32 111.5 101.29 29.766 140.9 -128.88 -380.673 -86.2 90.238 -414.473 35.2 -101.9 -784.193 -102 58.468 -789.823 -83.7 -104.62 -54.837 2979.7
0.5135 9.473 706.205 20.1 6.398 495.665 56.4 -153.58 495.005 36.1 166.378 496.325 76.7 -325.91 337.165 116.8 357.7 351.515 193.8 -272.07 148.608 -98 284.61 133.446 6.5 3.74 269.225 84.8 -103.55 42.36 99.8 105.697 43.2261 126.4 -120.92 -375.635 -81.5 86.497 -403.075 31.4 -97.56 -782.555 -99.2 61.396 -787.335 -88.6 -105.36 -52.805 2985.1
0.5261 9.13 707.259 23.4 6.76 496.419 53.9 -152.8 496.139 30.7 166.323 496.699 77.2 -305.52 341.379 131.5 347.68 374.009 216.4 -267.91 125.638 -62.3 287.19 140.566 43.2 4.11 269.149 74.9 -102.9 41.693 80.6 105.813 42.0608 111 -114.37 -380.611 -92 79.035 -407.111 34.5 -99.04 -797.551 -106.7 57.723 -803.201 -92.2 -109.31 -51.719 2991.5
0.5337 11.417 723.689 39.4 7.28 511.159 59.2 -152.54 512.439 37.9 167.11 509.879 80.5 -297.69 339.779 148 321.42 384.469 228.6 -260.33 105.792 -26.9 286.43 134.899 73.3 3.89 283.289 71 -104.03 56.2473 68.9 105.009 54.5764 96.7 -102.56 -374.711 -79.6 78.296 -395.831 26 -96.42 -783.101 -105.5 59.569 -791.651 -96.7 -111.33 -52.729 2994.3
0.5418 8.9 740.524 44.3 3.62 527.174 61.4 -156.6 529.404 43.5 163.834 524.944 79.3 -286.6 346.374 159.8 295.31 389.084 236.4 -255.86 94.898 8.3 276.92 128.432 96.1 -0.41 299.014 69 -109.23 72.309 65 100.344 69.3888 88.4 -93.06 -368.036 -47 67.71 -383.056 38.3 -100.61 -781.876 -103.3 54.748 -781.426 -90.1 -110.86 -60.324 2996.3
0.5518 6.38 748.368 55.7 3.37 534.098 64.8 -156.42 535.738 43.4 163.169 532.458 86.1 -275.32 334.458 162.6 279.92 379.418 235.6 -252.04 69.1084 34.3 270 109.162 112.5 0.95 305.798 65.4 -105.97 78.57 52.1 103.039 76.431 79.9 -77.06 -365.222 -46.1 67.12 -377.242 44.7 -93.21 -783.732 -116.3 63.654 -779.142 -87.9 -112.58 -61.248 3001.4
0.5599 6.56 750.237 50.4 3.88 535.757 62.1 -156.03 537.377 41.4 163.792 534.127 82.7 -267.48 324.937 164.4 264.83 346.047 235.7 -244.96 49.152 58.6 269.08 72.1105 119 1.37 307.357 63.5 -105.69 80.016 51.4 103.42 77.891 78.4 -77.29 -367.763 -29.4 63.35 -375.973 46.9 -93.38 -789.493 -108.6 64.435 -781.513 -89 -113.56 -62.687 3001.9
0.5679 5.88 761.467 50.4 2 546.847 62 -158.55 549.317 49.6 162.561 544.377 74.4 -260.97 333.567 170.4 251.38 341.677 229.9 -237.08 50.809 83.1 264.89 60.018 135.3 -1.53 318.407 62.3 -110.19 91.589 54.4 100.065 88.356 70.6 -76.84 -358.273 -14.1 54.873 -365.683 51.1 -97.54 -776.333 -105.6 63.917 -769.453 -92.8 -116.98 -75.477 3000.6
0.5796 1.9 768.898 64.5 -1.99 552.808 69.9 -162.74 555.618 58.6 158.753 549.988 81.1 -261.78 327.388 179.5 241.75 335.538 221.4 -231.67 44.145 92.6 245.78 48.195 143.9 -5.62 324.468 64.4 -114.29 97.982 51.7 95.805 94.299 66.4 -68.23 -351.692 -11.8 49.696 -359.952 62.8 -94.53 -770.412 -108.3 67.747 -762.402 -87.9 -117.09 -78.548 2998.8
0.5897 2.18 767.536 69.9 -0.89 551.026 72.8 -161.71 553.586 61.7 159.931 548.466 83.9 -251.67 306.476 175.9 238.27 318.186 212.2 -228.79 18.597 102.9 232.26 26.166 155.7 -4 322.706 65.2 -112.23 96.068 50.3 98.023 92.721 64.9 -60.75 -354.964 2.8 50.316 -360.254 87.7 -88.4 -773.504 -105.6 73.701 -770.944 -85.8 -118.74 -72.516 2999
0.5978 1.84 785.296 90.4 -0.18 568.696 84.4 -160.77 571.256 70.3 160.405 566.126 98.5 -253.47 302.766 163.2 230.19 324.976 204.6 -226.82 9.4 112.8 223.95 29.783 165.4 -2.52 340.796 69.7 -109.87 114.58 45.7 100.156 111.23 64.2 -53.85 -336.844 5.4 52.28 -342.394 83.2 -88.17 -758.544 -108.9 76.069 -760.934 -85 -120.57 -83.696 2994.8
0.6058 1.55 783.733 87.3 0.45 566.013 85.9 -160.29 567.603 73.3 161.197 564.413 98.5 -254.95 294.773 150.2 220.301 314.443 193.9 -225.91 -0.991 118.8 218.383 17.315 169.3 -0.9 337.883 74.2 -107.36 110.796 54.3 102.851 108.707 70.8 -46.03 -340.977 30.7 54.785 -344.667 97.9 -90.64 -769.397 -95.3 72.815 -768.277 -73.8 -122.27 -82.503 2992.1
0.6139 0.58 779.077 85.6 -0.29 561.647 85 -161.19 563.207 74.4 160.61 560.087 95.6 -254.26 286.687 139.1 218.058 284.257 190.1 -221.91 -9.785 120.1 217.676 -17.255 178.3 -1.76 333.447 73.8 -108.45 106.272 55.6 101.981 104.231 69.5 -49.38 -345.493 23.9 54.877 -349.733 89 -92.18 -773.683 -98.4 68.148 -773.693 -79.8 -125.04 -80.787 2991.4
0.6218 -4.08 779.493 87.7 -2.63 561.403 85.8 -163.59 561.203 76 158.335 561.613 95.6 -234.7 277.033 135.1 216.134 270.333 197.1 -206.17 -19.867 116.6 216.113 -33.177 167.7 -1.6 333.243 73.7 -105.84 104.945 55.2 104.675 105.209 68 -42.29 -346.387 23.9 59.212 -349.197 82.4 -84.04 -773.877 -99.6 76.107 -769.587 -80 -125.63 -82.093 2991.6
0.6377 -3.91 788.892 98.9 -1.64 570.282 93 -162.53 569.482 82.1 159.253 571.082 104 -216.75 280.182 133.8 217.184 268.312 192.4 -191.61 -17.068 116.1 217.343 -36.698 165.2 0.56 342.352 77.4 -102.45 113.901 54.6 107.968 114.947 69 -46.17 -338.268 21.1 61.15 -339.278 86.3 -83.82 -762.118 -101.1 78.615 -758.348 -76.7 -127.92 -87.182 2989
0.6467 -5.72 787.969 103.2 -3.27 569.179 94.5 -164.14 568.599 83 157.592 569.759 106 -224.39 272.049 133.4 217.266 260.299 185.2 -200.22 -26.811 111.2 218.343 -45.211 190.6 -1.15 341.429 76.3 -104.23 113.293 50.7 106.158 114.052 65.7 -49.55 -339.241 18.3 59.542 -339.961 88.7 -85.78 -766.521 -100.4 75.439 -765.301 -77.8 -128.63 -84.229 2990.5
0.6544 -6.95 797.558 105.9 -4.35 578.308 96 -165.3 577.858 85.7 156.603 578.758 106.2 -232.88 278.378 131.9 213.354 295.358 182.2 -204.4 -21.302 103.9 215.459 -3.122 196.6 -2.5 350.598 77 -105.91 122.599 51.3 104.6 123.19 64.7 -49.96 -329.542 15.5 59.553 -330.432 96.1 -83.02 -761.512 -93.6 77.23 -757.922 -75.3 -130.64 -95.058 2990.8
0.6649 -6.22 789.998 107.1 -5.15 570.968 95.5 -165.92 572.088 83.1 155.625 569.848 108 -231.3 280.888 120.7 219.056 285.068 179 -204.56 -19.642 90.8 224.837 -22.072 179 -5.14 343.398 75 -110.28 116.556 46.2 100.021 115.091 62.5 -54.33 -334.542 -0.1 54.031 -338.122 98.6 -82.71 -763.002 -96.8 77.145 -765.692 -75.9 -133.45 -92.898 2991.5
0.6749 -6.69 788.84 106.8 -6.29 569.02 97.2 -167.24 569.68 87.6 154.668 568.36 106.9 -232.51 275.15 117 216.842 281.8 168.6 -206.63 -26.06 84.2 227.454 -25.74 170.1 -6.08 341.31 78.2 -111.13 114.022 52.9 99.394 113.159 65.5 -47.93 -336.89 15.9 54.141 -340.3 99.9 -75.92 -759.65 -84.8 82.364 -763.85 -73.4 -134.43 -87.2 2992.3
0.6826 -3.24 791.82 109.7 -7.08 571.99 99.5 -168.14 575.03 93.5 153.988 568.96 105.6 -233.15 275.07 112.8 213.376 281.93 158.6 -210.71 -26.32 76.3 227.685 -25.36 148.4 -10.59 344.46 79 -119.46 118.914 54.5 91.25 114.945 62.5 -51.35 -331.05 13.9 45.239 -337.66 105.3 -83.67 -758.42 -93.1 77.543 -763.92 -79.3 -136.12 -87.11 2992.2
