0 16.755 774.554 75.3 9.27 555.384 87.8 -150.12 559.904 63.9 168.673 550.864 111.7 -219.82 255.534 82.7 170.506 252.074 116.9 -243.96 -69.956 78.4 175.057 -46.716 113.9 2.65 327.044 88.8 -108.23 101.658 74.2 100.28 95.747 105.4 -65.12 -348.306 7.5 55.902 -357.736 73 -100.81 -761.956 -124.7 69.518 -765.496 -111.8 -116.62 -84.964 3017.4
0.016 13.8 763.587 70.2 6.48 544.537 85.2 -153.59 548.477 66.8 166.54 540.607 103.7 -225.84 263.727 59.2 168.002 241.797 107.9 -272.6 -50.283 -15 172.107 -57.003 105.2 0.3 316.227 90.1 -110.59 90.4866 82.9 98.852 85.3374 107 -60.87 -358.823 16.3 59.956 -368.603 72.7 -100.8 -779.203 -115.1 71.606 -781.813 -108.7 -117.32 -84.587 3015.4
0.029 12.2 751.542 57.2 2.91 533.792 79.8 -157.23 538.162 61.6 163.05 529.422 98 -235.32 256.902 46.4 164.216 230.602 101.3 -306 -38.898 -59.4 167.919 -68.208 98.9 -4.7 305.892 92.1 -117 80.839 92.4 92.371 75.1244 116.2 -72.1 -365.868 9 64.382 -378.808 73.8 -103.72 -779.588 -110.6 65.021 -782.778 -97.6 -113.25 -80.832 3013.4
0.044 11.26 739.105 50.7 1.42 524.045 79.7 -158.74 528.235 61.4 161.568 519.845 98.1 -243.06 253.905 32 162.499 221.015 100.8 -331.66 -26.615 -97.8 165.838 -77.795 98.6 -6.65 296.565 98.1 -119.43 71.8299 104.5 89.992 66.342 128.5 -79.22 -373.405 11 69.492 -385.475 67 -101.94 -781.945 -101.7 66.394 -784.525 -91.8 -112.73 -78.365 3008.4
0.058 12.567 729.793 37.8 2.32 516.743 77.6 -156.86 520.203 52.8 161.495 513.273 102.5 -254.48 251.963 15.7 162.238 214.443 104.6 -353.51 -5.175 -142.1 165.248 -84.377 102.7 -6.98 290.423 105.7 -120.44 66.3747 117.5 87.901 61.842 150 -85.23 -375.997 9.9 74.834 -389.017 79 -99.65 -781.467 -97.1 64.904 -780.417 -77.3 -110.61 -76.053 3003.5
0.074 11.35 717.597 21.1 0.6 508.007 73.8 -158.69 511.117 49.2 159.882 504.887 98.5 -270.65 247.257 -2.2 160.476 206.057 100.2 -377.96 22.593 -199.7 163.19 -92.773 98.5 -9.85 283.527 113 -124.41 61.093 136 83.83 57.023 168.2 -99.41 -376.713 9.8 74.775 -391.293 82.3 -105.43 -785.333 -85.3 61.952 -781.013 -79.4 -107.89 -75.307 2998.3
0.087 13.777 706.317 15.1 2.51 497.247 74.5 -156.56 499.747 48.3 161.594 494.737 100.7 -278.71 250.067 -20.9 162.068 195.897 102.1 -400.73 48.729 -233.7 164.514 -102.933 100.6 -8.65 274.107 121 -123.82 52.604 150.3 84.203 49.325 184.5 -110.08 -378.703 2.9 75.993 -396.063 84.4 -104.48 -786.743 -85.7 62.878 -786.003 -76.1 -108.6 -74.567 2993.4
0.099 12.391 696.411 2.6 0.42 491.811 72.6 -157.94 493.001 42.4 158.774 490.621 102.7 -295.81 260.931 -40.2 159.153 191.781 103.8 -419.16 87.9499 -271.2 161.357 -107.049 102.4 -12.17 271.441 130 -128.33 51.838 167.6 78.825 50.285 207.1 -120.26 -374.249 4.8 74.742 -391.859 93.3 -109.35 -777.959 -78.4 60.572 -777.299 -61.4 -102.48 -78.071 2988.4
0.114 12.239 677.434 -2 1.62 478.034 72.6 -156.65 478.614 41.8 159.897 477.464 103.4 -307.72 269.234 -65.2 160.2 178.627 104.3 -422.3 116.444 -310.3 162.186 -120.206 103 -11.66 259.464 136.8 -128.41 41.265 180.8 78.548 40.518 221.1 -135.8 -378.216 2.1 79.361 -396.696 90 -113.2 -782.326 -78.9 60.053 -784.676 -67.1 -102.44 -81.294 2985.3
0.129 14.668 667.386 0.5 4.864 467.146 74.3 -153.64 466.606 44.7 163.372 467.696 104 -322.07 278.226 -80.9 163.615 168.852 104.7 -424.48 147.567 -339.7 165.404 -129.984 103.5 -7.16 249.606 142.6 -122.83 31.71 191.4 84.47 32.42 230.2 -137.08 -377.434 -9.1 86.509 -401.934 89.4 -107.72 -777.664 -77.5 66.769 -780.304 -70 -101.5 -85.266 2980.9
0.141 19.122 653.621 -15.2 7.222 457.261 68.2 -151.22 455.571 38.2 165.666 458.941 98.2 -334.78 279.651 -98.7 201.93 239.691 106.9 -422.67 171.949 -372.6 230.32 35.715 86 -5.57 243.851 147.7 -121.96 29.345 207.6 85.254 31.546 246.9 -152.18 -374.619 -1.9 83.945 -401.309 100.9 -116.52 -763.309 -70.6 62.479 -769.849 -58.2 -100.03 -85.661 2980.2
0.152 22.988 636.472 -28.9 9.773 445.372 64.3 -149 443.612 36.1 168.543 447.122 92.5 -340.99 288.812 -116.4 253.42 209.942 77.2 -419.95 194.502 -394.6 312.31 -4.253 3.6 -4.17 237.012 155.7 -121.93 27.504 228.6 85.721 29.798 265.5 -163.52 -362.588 -3.1 85.05 -399.688 109.9 -122.35 -755.778 -69.7 60.616 -770.218 -57.5 -100.85 -88.862 2975.7
0.16 23.023 618.369 -52 11.282 434.229 54.2 -147.89 431.409 28.6 170.455 437.049 79.9 -351.2 311.129 -132.1 304.64 196.631 33.4 -410.78 217.919 -410.7 384.98 -7.691 -99.7 -1.94 232.109 158.5 -119.27 28.156 245.9 88.936 31.839 279.5 -168.37 -345.271 -10 91.7653 -392.971 111.7 -124.75 -749.821 -77.2 63.563 -763.131 -57.8 -101.13 -97.729 2976.2
0.167 22.975 597.22 -54.1 13.179 415.37 55.2 -146.13 411.36 30.5 172.492 419.38 79.9 -351.43 325.58 -148 349.41 195.696 1.4 -394.96 233.4 -428.1 438.95 16.227 -181 1.22 215.74 164.9 -114.91 13.491 258.4 93.4404 18.737 290.7 -174.88 -338.44 -23.4 98.6652 -400.31 109.3 -129.24 -756.16 -87.6 65.805 -770.84 -63 -103.22 -107.39 2971.5
0.18 25.555 579.81 -66.8 14.859 402.96 50.4 -144.43 397.96 25.7 174.148 407.96 75.1 -358.37 334.77 -153.5 380.59 210.267 -28.1 -381.42 247.02 -431.8 469.16 57.661 -251.7 2.56 208.609 169.1 -113.91 10.99 271.6 94.4124 17.528 303.9 -181.67 -328.09 -24.8 97.7608 -396.55 111.4 -135.14 -731.24 -85.2 64.257 -749.55 -57.2 -103.47 -114.17 2968.8
0.192 29.911 562.23 -77.7 18.826 389.99 45.7 -140.56 385.04 21.6 178.21 394.94 69.9 -359.32 351.12 -160.9 408.52 226.347 -50.7 -368.13 264.72 -439.2 484.4 101.151 -302.1 5.788 199.657 170.9 -111.47 6.09 280.2 96.9762 12.56 311.8 -189.48 -315.41 -32.9 101.904 -399.79 115.2 -135.75 -726.3 -90.2 67.578 -747.17 -60.4 -105.59 -127.33 2968
0.2 30.675 548.42 -76.6 20.79 375.64 46.6 -138.59 369.82 22.6 180.167 381.46 70.6 -361.25 355.94 -161.9 440.06 335.35 -94.5 -358.49 263.18 -438.3 441.06 260.49 -375.3 8.467 186.702 174.2 -108.08 -6.04 286.1 100.367 1.57 317.5 -190.21 -315.24 -38.7 103.795 -403.65 107 -137.85 -715.09 -93.1 70.74 -742.34 -62 -105.21 -127.04 2963.5
0.208 29.746 536.07 -74.2 21.032 364.15 48.8 -138.39 357.31 25.4 180.457 370.99 72.2 -360.69 367.61 -161.6 443.46 357.33 -100.4 -348.42 267.6 -436.4 435.12 262.66 -377 10.083 176.308 178.3 -105.12 -16 292.5 103.391 -7.06 323.1 -195.05 -322.17 -33.8 103.514 -411.48 110.6 -141.75 -708.57 -91.6 69.618 -740.93 -56.8 -104.54 -136.17 2959.9
0.216 33.113 532.8 -85 23.152 366.28 45.1 -136.54 361.29 23.1 182.843 371.27 67 -359.22 371.72 -164 444.36 370.64 -103 -348.82 276.48 -437.4 425.87 260.92 -374.1 10.061 184.071 181.9 -107.47 -1.4 304.5 101.409 5.13 333.1 -202.68 -300.68 -27 96.7766 -397.53 117.2 -149.76 -676.05 -84.2 64.753 -710.31 -49.8 -104.33 -143.02 2956.7
0.232 33.733 523.64 -92.1 25.033 361.19 42.5 -134.78 354.56 22 184.846 367.82 63 -362.15 371.3 -166.4 442.13 377.8 -107.3 -350.14 278.06 -439.3 424.55 257.5 -373 14.263 182.469 184.2 -101.02 -0.59 312.4 108.006 8.09 339.2 -206.73 -250.42 -38.8 104.253 -396 125.9 -141.28 -683.11 -84.4 71.47 -715.34 -53.6 -104.62 -147.47 2956.2
0.249 30.057 523.07 -94.6 23.91 362.82 41.2 -135.76 354.15 20.4 183.583 371.5 62 -358.91 379.19 -169 437.23 383.94 -113.4 -352.63 281.04 -441.4 418.17 259.72 -378.2 14.745 185.778 185.2 -98.84 3.06 315.6 109.999 14.41 342.8 -215.96 -210.02 -53.1 100.577 -384.17 119.8 -143.23 -673.37 -86.4 66.377 -708.36 -53.6 -103.49 -153.27 2956.9
0.263 28.624 510.88 -96.3 23.511 352.08 40.5 -136.19 342.91 20 183.215 361.25 61 -358.69 374.39 -167.7 431.38 379.78 -112.5 -355.26 268.91 -437.7 414.52 247.62 -374.4 15.185 175.052 184.7 -97.57 -7.97 315.5 111.289 4.02 342.2 -222.6 -203.33 -60.5 100.432 -392.18 114.9 -147.24 -679.51 -87.7 66.175 -719.2 -57 -104.52 -147.44 2957.2
0.276 30.518 506.69 -97.1 24.018 347.9 40.8 -135.52 338.6 19.1 183.558 357.21 62.5 -356.57 370.87 -170.1 427.46 364.57 -101.4 -357.27 262.46 -439.6 413.78 243.611 -368.3 14.696 171.156 185.3 -98.96 -11.68 315.6 109.703 0.49 344 -228.02 -196.56 -61.3 98.0896 -396.26 117.5 -147.34 -679.65 -87.4 63.137 -717.12 -54.2 -105.03 -144.4 2956.8
0.284 30.289 511.66 -99.8 22.765 352.75 38.4 -136.63 343.08 15.8 182.158 362.42 61 -357.93 369.04 -168.5 426.08 367.39 -99.2 -357.68 264.7 -440.4 414.57 246.819 -367.8 12.879 176.533 183.5 -101.24 -6.01 313.9 107.227 6.64 343.4 -228.84 -182.57 -64.2 94.1959 -390.33 117.4 -147 -670.61 -88.2 64.155 -709.47 -56.7 -103.87 -148.31 2958.9
0.292 30.662 516.37 -90 21.18 349.59 40 -137.87 340.83 14.9 180.231 358.36 65.1 -356.6 366.9 -169.1 426.39 366.17 -98.9 -359.58 264.4 -441.8 414.27 243.681 -366.6 9.482 167.781 177.6 -106.24 -19.77 298.8 101.808 -8.3 331.7 -234.42 -197.26 -77.8 91.944 -405.06 105.1 -152 -686.29 -103.8 60.25 -726.63 -68.8 -104.25 -144.09 2958.8
0.309 28.884 526.59 -85.1 20.798 356.73 40.2 -138.2 347.32 14.8 179.791 366.15 65.5 -359.71 374.14 -164.5 426.79 374.78 -104.4 -360.14 271.07 -440 413.1 246.846 -365.3 10.254 172.602 174.9 -104.26 -17.69 293 103.676 -5.37 326.1 -223.96 -182.27 -68.5 99.0434 -405.84 106.1 -145.25 -674.78 -96 64.484 -710.45 -60.4 -103.71 -147.23 2958.8
0.323 30.294 521.59 -81.3 22.576 348.62 40.9 -136.45 339.86 15.5 181.599 357.37 66.3 -360.26 368.61 -165.7 429.98 368.93 -105.2 -362.73 267.27 -442.6 412.02 236.815 -362.8 11.768 162.384 172.8 -103.03 -29.57 288 104.949 -18.12 321.2 -225.15 -193.88 -69.8 93.574 -423.34 110.6 -147.3 -686.13 -96.5 65.147 -727.25 -64.3 -103.95 -137.16 2959.4
0.335 32.129 526.35 -79.4 24.75 352.71 41.9 -134.39 344.19 17.1 183.886 361.24 66.6 -355.82 374.26 -163.9 433.8 372.92 -108.1 -361.19 273.36 -443.2 409.96 239.34 -363.1 14.49 165.308 172.1 -99.83 -27.67 286.2 108.295 -16.52 318.6 -223.4 -189.55 -71.7 94.44 -424.9 114.2 -143.47 -680.67 -93 68.38 -724.11 -64.3 -107.79 -137.03 2958.2
0.35 33.136 530.62 -77.2 24.493 354.16 42.3 -134.52 346.28 16.5 183.504 362.05 68.1 -362.02 373.72 -160.2 428.79 364.56 -109.8 -365.95 272.27 -439.3 400.5 240 -366.2 13.066 165.427 170.5 -102.35 -28.47 282 105.626 -18.15 315.7 -221.49 -190.57 -69.7 90.626 -428.83 115.9 -145.52 -684.64 -92.4 68.669 -729.04 -64.8 -104.28 -133.11 2957.9
0.367 28.753 536.83 -76.5 22.392 360.25 43.6 -136.82 352.4 19.1 181.604 368.1 68.1 -361.64 383.79 -158.8 429.27 372.21 -106.1 -364.92 277.99 -435.7 397.03 248.44 -363.3 11.711 172.348 173.2 -103.09 -20.68 286.8 105.148 -10.42 318.8 -219.85 -184.01 -60.7 88.902 -422.85 122.7 -146.87 -680.05 -83.6 63.572 -722.38 -55.1 -104.51 -135.49 2957.1
0.382 27.567 539.7 -76.1 22.498 363.45 42.1 -136.62 353.67 17.7 181.613 373.24 66.4 -359.73 389.24 -160 432.22 376.96 -99.7 -358.77 288.42 -438.1 400.07 256.2 -360.1 14.349 174.894 170.9 -97.86 -20.06 283.7 110.257 -7.26 315.6 -214.46 -190.84 -67 91.26 -420.72 121.9 -140.47 -685.86 -86.4 70.001 -723.46 -64.5 -106.84 -138.09 2959.2
0.394 26.335 540.82 -82.2 21.166 366.03 38.4 -137.9 355.69 13.8 180.23 376.37 62.9 -360.4 392.32 -162.4 427.57 387.19 -101.7 -358.96 295.79 -441.2 400.01 267.24 -366.1 13.415 177.919 167.9 -98.35 -16.95 281.3 109.679 -3.43 313.4 -219.26 -186.78 -66.5 89.789 -416.87 119.6 -144.26 -680.29 -87.7 66.458 -723.13 -69.5 -107.39 -139.75 2963
0.41 28.43 537.43 -85.3 23.015 364.45 37.2 -136.07 353.61 13 182.098 375.29 61.4 -360.89 389.41 -163.7 429.1 376.86 -101.9 -358.74 293.04 -444.3 404.15 267.69 -368.1 15.943 176.927 167.6 -95.16 -17.69 282.2 112.9 -3.51 313.9 -217.21 -187.47 -74.1 93.947 -415.89 117.8 -140.71 -682.23 -88.7 69.207 -724.35 -67.6 -108.51 -134.64 2964.5
0.425 32.286 542.17 -84.2 24.571 369 37.3 -134.35 359.22 11.7 183.495 378.78 63 -366.66 382.12 -163.2 431.33 380.34 -101.3 -360.95 287.22 -442.4 400.01 268.59 -367.6 15.266 180.925 166.8 -97.97 -13.54 279.5 109.894 -0.75 313 -217.19 -183.96 -74.7 92.335 -411.74 113.9 -147.94 -682.84 -96.5 63.308 -725.11 -66.4 -106.03 -125.23 2965.1
0.435 32.804 540.5 -73.5 24.175 364.46 42.4 -134.84 356.92 16.7 183.187 372.01 68.2 -366.18 387.2 -157.8 437.31 385.31 -92.8 -355.43 293.46 -436.3 404.08 273.53 -363 13.327 172.436 165.6 -101.51 -24.53 271.9 106.471 -14.66 305.6 -217.97 -204.63 -82.9 91.707 -425 104.9 -151.84 -709.07 -101.8 62.508 -750.92 -72.5 -108.69 -125.75 2966.7
0.444 27.202 538.97 -69.7 17.37 361.62 44.2 -141.77 355.19 18.8 176.508 368.04 69.5 -372.78 371.02 -146.6 431.46 368.57 -80.1 -358.15 282.77 -426.2 393.88 258.33 -350.5 5.975 167.988 164.8 -109.48 -29.84 269 98.6447 -21.44 302.1 -220.98 -202.01 -90.3 88.871 -427.03 92 -153.92 -702.72 -100.3 61.839 -742.66 -70.2 -103.66 -108.79 2966.1
0.451 24.992 550.96 -72.2 15.01 373.4 41.9 -144.11 366.29 16.6 174.134 380.52 67.2 -378.85 378.14 -142.5 434.27 364.91 -65.7 -351.23 294.7 -421.3 388.3 262.63 -338.8 4.804 178.662 160.9 -109.46 -20.73 263.4 98.6539 -11.43 296.5 -220.15 -207.32 -95.5 91.197 -422.8 98.1 -150.12 -701.18 -105.4 60.658 -739.02 -67.7 -103.87 -110.02 2971.2
0.459 26.193 569.844 -60.5 15.972 387.124 45.3 -143.34 381.764 20.8 175.282 392.474 69.8 -382.81 371.494 -131 433.74 362.844 -53 -347.27 285.214 -406.4 379.83 260.164 -325.5 5.541 188.071 156.7 -109.07 -14.476 252 99.2957 -7.476 284.1 -218.66 -211.846 -111.5 95.5813 -416.286 80.2 -148.65 -702.276 -119.5 58.005 -743.936 -79.1 -104.09 -98.914 2972.3
0.467 26.042 578.981 -66.6 15.529 395.441 41.5 -144.03 391.791 18.5 175.089 399.081 64.6 -383.78 364.481 -110.6 434.99 356.641 -31.1 -336.57 279.701 -383.5 377.92 253.211 -298.1 4.23 195.391 151.2 -111.42 -7.042 245.8 97.2783 -2.273 276 -220.17 -223.699 -116 94.454 -414.029 78 -151.17 -711.909 -115.5 55.866 -752.849 -76.1 -105.18 -88.181 2974.3
0.475 27.837 594.475 -58.3 15.352 407.965 43.7 -144.07 405.815 19.5 174.776 410.115 67.8 -394.18 370.955 -80.6 435.2 364.075 -12.8 -335.21 287.245 -352 367.09 255.675 -273.1 2.76 203.705 144.8 -114.08 -1.97 230.1 94.4288 0.842 261.7 -218.93 -239.275 -138.8 94.6444 -413.895 70 -143.93 -723.875 -119.5 61.242 -764.195 -86 -103.79 -88.825 2975.9
0.483 29.439 606.779 -31.9 16.961 413.519 53.9 -142.21 411.989 28 176.13 415.049 79.8 -398.3 363.999 -43.4 433.38 355.179 11.1 -327.4 275.899 -311.5 362.48 244.439 -249.8 5.13 202.669 139.2 -110.79 -9.18 207.5 97.3871 -7.177 241.4 -211.64 -254.161 -162.3 96.7077 -421.671 49 -140.14 -734.461 -127.2 67.189 -774.921 -95.9 -104.61 -77.499 2977
0.491 28.273 620.415 -18.6 16.745 421.755 58.1 -142.08 420.415 30.2 175.575 423.105 85.9 -393.23 346.815 -11.6 434.6 347.515 46.1 -320.29 257.605 -280.8 354.98 232.535 -214 5.566 206.615 132.2 -109.48 -9.416 188 98.2561 -7.655 224.5 -210.01 -257.655 -168 96.083 -429.115 48.7 -141.76 -740.315 -128.4 64.627 -778.795 -97.2 -104.65 -67.625 2979.4
0.499 30.046 642.742 -2.3 18.992 440.242 63.8 -139.96 440.592 36.6 177.947 439.892 91 -383.82 345.402 34.3 425.58 342.212 72.3 -324.61 250.392 -239.5 350.18 221.322 -185 7.882 221.332 125.9 -107.18 2.644 170.3 100.72 2.185 205.8 -202.58 -258.808 -172.9 94.227 -424.558 43.6 -139.45 -740.128 -128.6 67.119 -780.398 -105.2 -106.66 -68.292 2983
0.507 23.389 655.495 15.4 16.923 450.325 69 -142.03 449.645 41.7 175.874 450.995 96.2 -365.81 328.845 63.5 421.91 342.755 113.9 -316.94 225.945 -206.7 341.04 214.595 -140.5 9.453 228.045 118.1 -101.96 5.335 149.3 105.925 6.218 185 -193.84 -263.745 -180.8 97.8109 -425.765 37.4 -132.77 -748.905 -136.2 72.406 -786.115 -110.4 -106.42 -66.795 2987.2
0.515 22.751 663.102 23.2 15.104 454.302 70.6 -144.27 454.412 46.1 174.478 454.192 95.2 -353.93 287.252 104.9 413.92 330.112 132.1 -316.53 191.042 -167.5 337.99 185.252 -102.3 8.491 230.272 112.5 -102.36 6.309 138.4 106.113 6.165 170.5 -189.35 -269.598 -173.5 90.206 -428.588 31.7 -135.82 -752.678 -130.7 67.859 -789.478 -107.4 -106.24 -54.682 2992.4
0.523 16.908 678.176 33.5 9.431 467.856 72.9 -150.54 469.626 53.2 169.398 466.086 92.6 -349.15 310.006 113 401.27 333.246 152.7 -313.09 161.536 -132.2 317.29 162.216 -66.2 2.87 242.256 105.9 -108.34 17.814 126 100.965 15.501 151.8 -178.7 -307.474 -158.1 83.89 -421.424 19.6 -139.62 -754.004 -135.1 63.794 -790.114 -112 -104.08 -54.126 2998.6
0.53 14.399 689.123 35.9 8.031 476.053 71 -152.24 478.693 53.7 168.3 473.423 88.2 -338.51 311.413 119.4 373.7 328.473 169.3 -301.94 133.832 -99.5 307.69 128.64 -25.8 1.36 249.563 98.3 -110.09 24.793 114.4 99.4878 21.352 137 -162.91 -332.297 -146.4 82.961 -420.197 22 -134.5 -761.427 -137.3 65.13 -796.157 -112.8 -104.65 -50.943 3004.9
0.538 12.702 711.534 49.2 8.777 497.364 77.2 -151.79 499.714 62.9 169.346 495.004 91.5 -316.72 339.964 136 361.42 327.934 196.1 -289.24 129.164 -59.2 304.06 112.564 0.9 3.7 270.014 96.7 -106.37 44.202 106.7 103.629 41.119 125.5 -147.95 -328.416 -143.4 89.916 -403.846 24 -119.45 -762.396 -133.2 69.56 -786.376 -117.6 -107.97 -61.724 3008.5
0.546 9.06 717.843 52.4 7.59 504.083 78.7 -153.12 505.073 65.7 168.306 503.093 91.8 -304.97 330.773 143 347.74 344.413 216.6 -274.47 101.056 -35.8 299.11 109.042 36.9 4.93 276.293 94.2 -102.81 49.143 101.2 107.359 47.851 118.3 -133.93 -332.957 -141.3 92.473 -399.887 29.8 -104.32 -783.177 -120.8 70.658 -786.127 -117.3 -109.45 -62.003 3013.7
0.554 6.14 725.076 55.8 5.51 509.536 79.6 -155.2 509.726 66.3 166.213 509.346 93 -298.26 314.296 145.5 324.79 357.716 230.1 -255 77.282 -25.3 290.82 105.637 67.6 4.22 281.466 91.8 -102.14 53.5156 95.2 108.021 53.2659 112.7 -127.96 -341.924 -127.7 88.011 -395.364 29.2 -96.78 -779.034 -124 71.096 -787.874 -120.5 -108.62 -62.556 3016.5
0.571 7.44 733.789 57.9 6.17 517.459 80.7 -154.57 517.209 67.5 166.909 517.709 93.8 -285.56 307.549 153.6 305.39 352.339 234.3 -233.68 67.1016 -12.6 278.24 90.567 82.9 5.69 289.229 90.9 -99.9 60.8467 92.5 110.312 61.1706 109.7 -111.77 -347.601 -107.4 85.456 -388.831 35.3 -93.59 -778.821 -121.4 73.394 -784.181 -119.2 -109.31 -66.349 3018.1
0.583 7.41 744.77 68.5 7.33 528.11 86.2 -153.13 527.49 70.1 167.783 528.73 102.2 -274.08 306.1 154.5 283.51 346.16 233.8 -223.9 59.6111 -4.8 272.19 72.1739 103.7 7.83 299.75 90 -96.61 70.9744 83.3 113.275 71.7858 104.3 -97.91 -346.48 -98.7 80.789 -376.6 23.2 -90.62 -770.38 -127.9 75.516 -778.86 -122.9 -111.47 -69.07 3019.8
0.6 6.03 759.374 86.5 4.58 542.184 93.7 -155.98 542.944 78.8 165.141 541.434 108.7 -267.81 308.054 152.4 268.16 327.684 230.7 -225.36 49.809 11.2 268.5 49.046 107.8 4 313.974 88.4 -101.58 86.2503 73.4 108.414 85.2633 93 -95.52 -341.756 -81.6 68.883 -364.476 24 -95.18 -763.606 -125.6 70.691 -772.836 -125.3 -111.57 -76.854 3021.4
0.614 6.14 774.086 110.8 5.19 556.326 103.7 -155.47 557.926 89.7 165.845 554.716 117.6 -263.89 313.136 163.1 252.52 320.766 222.9 -228.8 43.35 44 260.45 31.155 133.3 4.37 328.836 86.9 -101.5 102.4 60.9 108.617 100.301 79.1 -84.68 -335.234 -61.5 73.655 -352.304 33.1 -88.65 -754.964 -126.3 77.331 -765.814 -132.8 -115.13 -82.706 3020.9
0.626 3.61 787.202 122.7 1.36 569.812 109.7 -158.91 573.032 92.5 161.642 566.592 127 -248.84 317.202 141.6 242.23 328.382 220.1 -233.09 34.451 60.5 254.94 33.579 145.8 -0.76 342.712 87.1 -107.73 117.725 53.1 101.947 113.509 75.6 -76.49 -326.948 -34.5 54.351 -338.948 65.7 -89.71 -747.438 -118.9 75.77 -763.958 -127.2 -114.5 -93.352 3019.9
0.636 -1.16 782.818 130.4 -1.49 567.248 112.9 -161.51 569.358 93.3 158.53 565.148 132.6 -232.74 317.878 122.4 238.82 323.758 216.1 -232.59 27.391 76.2 257.88 26.486 150.3 -1.13 340.558 85.7 -105.41 115.247 45.6 103.877 112.489 71.3 -74.99 -333.842 -22.5 63.763 -341.542 58.5 -79.07 -757.382 -113.5 85.547 -773.082 -132.6 -116.66 -95.528 3017.7
0.652 -2.5 785.04 135.2 -1.16 569.36 114.8 -161 571.13 93.6 158.684 567.6 136 -220.64 311.66 105.9 227.26 327.33 209 -235.16 17.985 91.7 232.06 30.396 138.3 0.33 342.94 84.8 -102.71 117.661 41 106.326 115.355 68.8 -63.78 -333.3 -12.9 59.562 -338.15 77 -74.61 -750.2 -104.9 88.621 -765.29 -123 -118.07 -100.96 3016.1
0.666 -4.14 792.14 138.8 -1.81 575.62 118.1 -161.34 577.5 94.7 157.724 573.74 141.6 -213.48 293.86 97.8 217.997 313.77 203.5 -233.29 -2.13 99.7 219.04 20.633 118 0.04 349.24 87.4 -102.43 124.078 41.4 106.215 121.624 72.1 -62.26 -328.1 -5.7 59.399 -332.43 79.1 -76.14 -736.7 -100 88.193 -757.11 -114.2 -118.37 -105.01 3014.2
0.678 0 784.223 128.6 1.25 567.213 115.9 -157.98 569.223 90.5 160.485 565.213 141.3 -201.32 273.603 96.3 214.387 289.033 182.9 -219.29 -24.687 98.7 214.158 -8.157 112.7 2.29 340.123 91.5 -100.79 114.347 50.4 107.462 111.721 83.6 -67.48 -339.087 7.8 60.015 -342.387 78.2 -77.24 -746.267 -91.9 88.234 -769.057 -104.3 -120.18 -96.393 3011.7
0.689 -1.61 788.162 136.4 1.03 570.172 120.5 -158.16 570.892 94.8 160.23 569.452 146.3 -192.73 274.132 101.5 212.956 287.152 176.3 -208.88 -24.258 104.1 211.954 -11.938 113 4.31 343.312 93.9 -96.52 116.915 50.4 111.684 115.97 84.1 -68.33 -336.358 1.5 68.22 -338.148 64.7 -76.13 -741.788 -102.5 91.747 -758.958 -111.5 -121.26 -95.132 3010.5
0.704 -5.24 798.3 151.5 -0.83 581.01 126.6 -160.59 580.57 105 158.925 581.44 148.3 -199.25 270.09 105.3 212.369 295.44 174.2 -217.11 -27.59 109.8 211.099 -5.04 116.8 4.26 355.08 93.6 -95.16 128.866 46.4 113.851 129.434 74.7 -63.57 -324.58 0.1 57.926 -323.41 73.6 -78.67 -735.3 -107 90.596 -749.7 -119.6 -121.9 -100.06 3012.7
0.718 -5 790.779 144.8 0.12 574.039 123.7 -159.52 572.939 101 159.749 575.129 146.5 -202.99 264.819 93.4 214.105 297.819 178 -218.23 -32.571 103.6 212.477 -1.915 116.2 6 347.709 93.3 -92.49 120.66 48 116.26 122.093 77.8 -57.22 -333.201 9 56.012 -330.401 85.7 -77.52 -754.801 -104.7 90.015 -765.971 -112 -124.02 -94.649 3014.6
0.731 -6.08 790.221 141.6 -0.58 573.271 120.8 -160.51 572.271 100.3 159.359 574.281 141.3 -194.42 275.381 96.4 214.165 302.011 173.7 -207.91 -22.999 106.1 213.37 0.912 118.9 4.66 346.791 91.1 -94.69 119.652 48 114.49 120.969 74.8 -60.45 -333.459 0.4 53.211 -331.619 74 -77.68 -754.679 -102.5 89.577 -768.819 -121.2 -125.14 -98.921 3015.9
0.746 -5 792.927 141.3 -0.82 575.157 121.6 -160.87 574.417 101.8 159.226 575.907 141.4 -188.22 276.837 100 214.173 297.197 175.3 -200.14 -21.633 109.1 213.519 -3.286 116.9 3.75 348.487 93.1 -96.33 121.33 51.7 112.979 122.305 77.6 -60.34 -331.503 2 52.773 -330.553 72.8 -73.77 -748.563 -101.1 90.795 -761.913 -116.5 -125.49 -96.637 3014.7
0.764 -6.36 792.07 127.6 -3.22 574.14 115.5 -163.64 572.67 99.4 157.202 575.61 131.6 -185.62 274.64 98.8 215.312 303.83 177.8 -196.15 -23.9 107.2 214.118 3.906 116.4 1.14 346.87 92.8 -99.42 118.646 59.5 110.436 120.57 80.6 -60.82 -334.2 11.7 46.878 -331.92 78.4 -73.23 -756.63 -94.3 91.515 -767.18 -115.9 -126.09 -100.2 3014.7
0.778 -7 782.131 119.3 -3.75 564.221 110.1 -164.18 562.861 93.8 156.684 565.581 126.3 -181.8 264.541 93.8 215.875 296.111 178.4 -191.11 -34.049 101.7 220.994 -4.381 120.2 0.23 336.691 89.8 -100.68 108.259 59 109.111 110.04 80.2 -65.04 -342.529 -5.1 57.069 -343.479 66.5 -73.58 -758.009 -105.5 91.008 -773.839 -118.1 -126.43 -94.171 3016.1
0.79 -6.07 782.874 114.5 -2.82 565.034 107.9 -163.27 563.744 91.6 157.623 566.334 124.2 -177.38 265.234 92 221.267 300.064 174.3 -185.62 -33.406 99.3 224.78 -1.248 120.3 0.79 337.264 90.3 -100.5 108.638 62.1 109.327 110.331 83.4 -59.98 -341.936 -1.6 56.939 -343.426 74.8 -72.56 -753.856 -102.1 90.741 -766.296 -115 -127.32 -95.514 3016.5
0.801 -4.07 781.442 111.9 -3.09 563.142 106.2 -163.5 562.772 89.5 157.325 563.502 122.9 -174.79 264.152 90.1 227.59 301.412 177.6 -182.08 -34.528 96.8 226.46 1.067 118.5 -0.88 335.232 89.9 -103.57 107.097 62.7 106.233 107.573 84.5 -60.6 -343.218 -1.9 49.79 -345.778 84.5 -74.83 -753.738 -104 91.772 -768.128 -116.9 -126.34 -91.082 3017.9
0.812 -3.58 776.995 97 -3.17 559.535 99.2 -163.38 559.205 80.7 157.045 559.865 117.7 -172.4 260.495 81.3 233.66 303.875 181.6 -178.87 -38.215 87.4 234.15 4.514 117.7 -1.65 331.325 90.1 -104.91 102.897 69 104.642 103.33 93.1 -56.57 -346.465 1.6 51.288 -350.295 84 -73.55 -760.965 -97.6 93.021 -777.105 -114.5 -126.5 -90.805 3018.2
0.824 -1.2 773.662 78 -1.69 556.312 92.7 -162.14 556.152 76.6 158.763 556.482 108.9 -169.36 257.402 77.1 237.83 295.102 173.2 -175.1 -41.338 82.8 245.23 -3.62 106.9 -1.51 328.062 93.3 -106.27 99.702 83.3 103.601 99.917 104.4 -54.05 -348.898 13.6 54.044 -353.478 80.8 -74.1 -758.798 -92.9 92.141 -773.598 -112.6 -127.32 -89.672 3016.4
0.836 1.62 766.402 67.9 -0.94 548.752 88.1 -161.51 549.432 73.1 159.629 548.072 103 -167.28 250.642 73.6 237.25 284.452 159.5 -172.38 -48.108 78.7 253.51 -12.508 87.6 -2.44 320.502 93.8 -108.93 92.6988 89.8 101.069 91.8143 109.3 -53.43 -353.748 10.1 48.574 -360.998 79.4 -75.04 -760.568 -98.9 93.065 -779.398 -113.8 -125.21 -82.932 3017.1
