0 -1.44 780.101 111.4 -9.61 561.041 100.5 -170.53 567.201 92.2 151.31 554.891 108.8 -226.87 271.881 74.8 215.852 272.171 146.5 -226.11 -25.609 9.5 238.05 -29.979 97.3 -17.2 333.671 79.2 -130.01 110.318 52.4 80.416 102.271 63.2 -48.25 -337.259 10.2 53.166 -352.599 95.5 -79.83 -768.779 -97.2 86.121 -777.809 -78.1 -138.02 -87.041 2990
0.0077 -0.35 779.019 111.3 -9.12 559.669 102.8 -170.1 565.929 95.6 151.865 553.399 110 -235.38 269.279 63 219.736 255.589 138.2 -236.86 -22.771 -22 249.19 -43.571 74.8 -17.1 332.129 83.4 -130.35 108.688 59.2 80.184 100.498 68.6 -41.55 -337.141 13.1 56.94 -354.981 95.9 -73.65 -765.021 -87.7 92.414 -772.221 -73.3 -139.76 -86.369 2987.2
0.018 -1.42 770.332 99.9 -10.71 551.212 98.6 -171.78 557.442 94.3 150.367 544.972 102.8 -238.14 263.242 50.8 222.818 249.422 137.4 -247.76 -19.568 -58.6 261.88 -41.548 49.2 -19.18 323.312 85.6 -133 99.493 69.9 77.682 91.338 75.4 -46.85 -345.938 15.7 56.691 -363.898 108.7 -73.07 -771.048 -80.8 89.066 -780.038 -70.3 -139.24 -81.032 2986.6
0.0285 2.68 760.687 96.4 -7.51 542.797 97.3 -168.59 549.717 93.9 153.567 535.867 100.7 -239.98 254.787 34.6 228.997 245.887 123.9 -275.16 -17.712 -93.3 289.41 -33.113 12.5 -17.11 314.767 87.2 -132.03 91.268 74.8 78.629 82.2082 79.3 -46.09 -352.383 8.1 65.487 -373.873 100.4 -70.95 -772.823 -88.3 90.547 -785.693 -70.2 -138.7 -81.187 2985.1
0.0393 3.75 760.86 96.5 -7.51 542.91 102.1 -168.57 550.42 98.6 153.549 535.4 105.6 -240.96 244.66 22.9 235.528 234.71 105.5 -305.9 -3.543 -139.5 325.35 -26.81 -26.4 -18.01 314.78 95.9 -133.83 91.561 87.5 76.806 81.7409 92.1 -52.16 -350.41 6.5 61.21 -374.46 112 -72.68 -764.84 -77.3 89.034 -776.57 -63.5 -138.88 -77.86 2981.5
0.05 1.98 754.589 96.8 -10.04 537.099 103.5 -171.07 545.109 99.4 150.988 529.079 107.6 -251.27 248.599 -1.8 243.97 231.619 88.5 -326.39 15.216 -186.5 354.88 -13.428 -57.4 -21.29 308.939 99.3 -137.84 86.0109 92.4 72.764 75.5289 97.8 -60.94 -354.811 1 58.978 -380.681 95.4 -74.41 -774.351 -82.5 88.916 -787.501 -69.4 -137.15 -80.199 2979.5
0.0582 4.21 731.649 73.4 -10.32 515.679 95.1 -171.31 524.719 91.6 150.663 506.649 98.6 -262.12 244.599 -27.1 250.51 215.649 68 -347.42 30.267 -229.6 383.68 -0.565 -98.5 -23.31 288.199 104.9 -141.57 66.6156 112.3 68.988 54.796 116.9 -73.78 -372.631 7.7 67.669 -401.141 98.8 -76.72 -789.021 -64.5 85.915 -798.111 -51.2 -136.07 -70.419 2976.5
0.0661 4.73 718.468 65.7 -10.98 504.198 94 -171.77 513.348 86.3 149.801 495.048 101.7 -269.05 245.918 -44.3 261.76 214.808 52.2 -361.17 55.096 -265.1 413.8 25.37 -127.3 -24.71 277.028 110.6 -143.61 55.842 122.2 66.742 43.867 132.3 -88.96 -377.722 -7.7 77.197 -408.592 82 -78.58 -789.282 -70.6 86.071 -795.782 -51.6 -135.13 -66.258 2973
0.0739 6.95 717.899 47.7 -10.04 504.399 89.3 -170.1 513.719 73.9 150.013 495.079 104.7 -282.42 250.869 -64.6 270.96 213.409 36.7 -382.48 85.71 -296.5 433.23 44.464 -156.8 -25.93 278.699 117.7 -146.59 59.103 136.1 62.95 46.898 156.3 -106.23 -374.371 -0.3 81.406 -404.231 92.8 -79.09 -781.901 -61.1 83.081 -784.401 -34.7 -132.44 -63.319 2970.9
0.082 5.65 712.72 39.7 -9.52 501.18 86.3 -169.41 508.18 67.6 150.369 494.19 105 -294.36 265.65 -77.8 286.32 222.31 11.4 -396.84 117.809 -321.3 456.69 81.962 -193.9 -23.57 276.36 122.4 -142.14 56.097 146.3 66.896 46.956 170.7 -111.82 -375.69 1.5 89.252 -401.35 89.6 -71.02 -793.27 -60.1 88.622 -788.62 -40.3 -130.15 -70.81 2969.4
0.0895 5.44 706.798 39.6 -7.69 496.648 87.7 -167.46 501.908 67 152.08 491.388 108.4 -299.16 272.198 -87.9 298.68 229.988 -8.7 -404.85 148.8 -346.1 473.88 114.291 -220.4 -20.41 272.518 129.1 -137.58 51.827 156.9 71.307 44.955 183.9 -116.38 -374.292 -4.9 90.738 -401.692 91.9 -73.57 -786.732 -58.5 87.169 -780.722 -41.6 -129.63 -74.758 2965.2
0.0982 5.57 693.8 24.5 -7.27 486.52 80.7 -166.82 490.47 57.9 152.285 482.57 103.5 -304.46 278.55 -112.6 309.45 235.86 -26.4 -416.31 173.679 -371.6 491.58 140.102 -245.5 -19.98 264.36 131.3 -137.02 44.773 167 71.614 39.611 196.8 -128 -378.12 -4.5 86.6 -405.61 96.4 -78.89 -785.92 -57 82.758 -778.87 -39.1 -127 -75.28 2965.7
0.1064 8.83 676.261 -3.4 -4.65 475.891 71.4 -164.41 479.631 49.9 155.11 472.161 93 -315.55 284.311 -128.7 326.91 241.061 -47.1 -420.05 193.531 -389.6 499.44 164.236 -277.9 -18.76 258.701 138.4 -137.33 43.956 191.2 71.58 39.067 219.4 -135.44 -372.449 4.5 88.52 -401.719 101.9 -87.78 -776.329 -46.4 77.441 -772.939 -29.9 -126.12 -77.721 2963.3
0.1211 12.45 664.757 -6 -3.73 465.687 69.7 -163.44 470.847 48.1 155.992 460.537 91.4 -324.84 293.847 -138.9 338.9 245.217 -62.1 -421.94 207.327 -404.5 503.56 187.007 -301.2 -20.34 249.637 140.9 -141.4 36.958 197.8 67.483 30.214 226.1 -149.88 -365.163 -16.1 84.845 -406.093 93 -91.23 -785.203 -59.7 71.691 -778.443 -43.5 -125.5 -79.047 2961.7
0.1369 13.43 650.999 -21.8 -3.12 457.469 63.6 -162.93 462.759 42.6 156.694 452.169 84.6 -332.71 307.819 -142.6 356.15 261.039 -62.2 -420.71 230.969 -418 497.6 214.519 -317.2 -20.97 245.699 146.1 -143.33 37.393 214.9 65.674 30.468 242.3 -151.71 -356.851 -14.1 88.285 -405.061 106.6 -87.58 -774.981 -49.2 77.526 -768.361 -33 -124.43 -88.429 2962
0.1491 12.47 633.715 -39 -4.1 443.845 55.9 -163.87 447.725 34.3 155.672 439.965 77.5 -341.15 303.095 -150.7 367.78 261.175 -74 -418.82 232.855 -434.1 490.34 220.125 -336.2 -21.69 236.375 148.7 -143.76 31.446 227.5 65.212 26.37 255.7 -153.23 -349.625 -22.5 90.61 -405.305 108.7 -93.09 -765.765 -57.7 81.859 -764.495 -36.4 -122.46 -83.375 2962.4
0.1657 16.2 622.145 -47.6 0.73 435.805 54.1 -159.06 437.605 32.4 160.513 434.005 75.8 -348 316.045 -156.8 383.95 277.085 -86.8 -412.69 245.285 -447.1 485.05 234.645 -352.5 -15.24 231.685 154.6 -135.7 28.748 240.9 73.295 26.393 269.3 -153.33 -336.825 -30.4 99.835 -404.225 119 -92.49 -762.945 -62.6 91.527 -766.535 -40.6 -124.32 -90.675 2959.6
0.1809 18.62 609 -60.7 4.8 429.27 49.5 -155 429.09 27.7 164.592 429.45 71.2 -347.88 330.03 -163.1 397.58 296.05 -87.6 -402.33 259.43 -455.8 473.13 253.83 -363.5 -10.06 230.67 160.5 -129.42 31.957 257.3 79.576 32.194 285.7 -158.54 -316.91 -34.1 104.601 -393.93 123.1 -95.39 -745.94 -63.6 88.617 -757.5 -36.7 -126.31 -102.34 2959
0.1977 18.82 596.41 -65.2 6.59 417.88 48.2 -152.73 414.56 23.8 165.918 421.2 72.7 -358.81 329.28 -164.7 407.41 293.25 -88.3 -390.63 255.48 -456.8 459.31 249.5 -369.4 -6.91 221.13 163.1 -124.64 22.208 262 83.796 26.549 293.9 -161.14 -305.83 -51.5 106.216 -395.76 121.3 -102.36 -740.83 -83 90.567 -756.3 -44.4 -125.33 -100.9 2955.1
0.2131 17.1 592.7 -66.4 5.05 412.87 46.5 -153.74 406.94 19.3 163.839 418.8 73.6 -370.53 331.3 -172.5 422.08 304.26 -86.3 -379.78 247.92 -456.1 446.67 249.37 -371.7 -7.56 216.83 162.9 -124.01 16.902 261.6 83.689 24.658 297.1 -170.99 -301.35 -61.3 101.806 -395.85 119.4 -110.74 -734.11 -87.9 85.816 -756.02 -46.2 -120.56 -104.09 2953.7
0.2208 19.42 577.19 -65.3 9.15 398.75 49.2 -149.57 390.95 21.9 167.875 406.55 76.5 -371.96 334.93 -170.1 427.84 297.91 -80.5 -361.37 246.48 -446.7 428.15 244.04 -368.8 -1.84 204.427 168.7 -116.6 5.01 270.5 90.954 15.206 306.1 -184.48 -279.78 -77.7 105.58 -404.69 126.5 -110.86 -737.16 -83 89.135 -760.39 -40.9 -121.59 -106.32 2948.2
0.229 18.04 574.08 -68 9.49 394.5 45.1 -149.44 386.84 18.9 168.416 402.17 71.3 -369.4 347.84 -168.7 430 328.83 -86.8 -352.15 253.55 -442.6 412.46 244.62 -366.2 -1.13 200.992 166.1 -115.66 2.47 269.9 92.171 12.5 304.2 -197.16 -250.21 -86.2 103.948 -406.81 122.9 -118.35 -719.4 -87.4 82.45 -751.91 -45.2 -121.37 -118.04 2949.2
0.2369 17.16 562 -67.8 10.61 383.08 46.4 -148.71 375.13 22.8 169.927 391.02 70 -369.21 356.12 -164.4 426.49 353.64 -93 -342.81 260.24 -435.6 402.26 241.82 -362.7 2.02 190.624 169.3 -110.76 -7.02 276.7 97.624 3.37 307.5 -200.07 -238.45 -80.7 109.648 -413.55 120.8 -115.66 -712.04 -79.7 83.136 -747.84 -41.4 -122.16 -129.74 2947.2
0.2451 18.39 538.5 -78 11.06 364.05 42.3 -148.66 357.26 21.3 170.794 370.84 63.2 -366.77 351.71 -167.6 426.58 353.02 -88.4 -337.6 246.71 -432.3 392.12 233.97 -357.9 2.51 174.153 169 -110.51 -20.18 282 98.408 -11.3 309.4 -206.29 -226.42 -77.5 105.197 -424.28 114.1 -120.09 -701.71 -79 79.599 -740.29 -40.1 -121.38 -128.05 2947.5
0.2536 14.12 535.72 -82.6 9.79 364.22 42.1 -150.18 356.59 23.4 169.758 371.85 60.9 -365.5 360.97 -168.2 432.17 356.67 -82.6 -334.91 245.28 -428.8 389.89 234.482 -350 3.4 176.954 172.8 -107.59 -15.3 291.2 101.632 -5.32 315.7 -204.59 -203.08 -68.6 103.645 -419.83 123.5 -116.99 -688.73 -72.9 82.394 -721.63 -36.1 -122.05 -134.67 2946.1
0.2665 17.21 529.75 -85.8 10.45 358.65 39.3 -149.56 351.81 20.5 170.469 365.49 58.1 -370.1 357.2 -168.8 436.74 355.05 -86.5 -335.29 233.56 -433.3 390.79 225.355 -346 2.94 172.091 171 -109.21 -18.94 290.3 100.051 -9.99 315 -209.03 -198.48 -71.6 95.474 -423.22 120 -120.73 -691.81 -80.7 79.338 -728.81 -41.3 -123.67 -133.55 2948.3
0.2834 14.94 526.24 -77.4 9.08 353.72 41.9 -151 347.54 23.3 169.157 359.91 60.5 -370.32 355.09 -169.7 436.1 347.01 -88.5 -336.56 228.769 -432 387.66 217.956 -341.3 1.42 165.055 170.5 -110.91 -27.66 287 98.441 -19.57 311.3 -207.76 -207.42 -72 96.289 -431.32 113.1 -120.61 -698.58 -85 81.978 -733.93 -46.7 -123.57 -133.26 2948.4
0.2984 12.85 529.27 -74.7 9.18 354.33 42.4 -150.65 346.39 22.5 169.008 362.27 62.4 -370.34 353.08 -172.1 435.87 341.06 -86.6 -337.96 226.785 -435.9 393.21 208.421 -333.9 3.03 163.398 167.7 -107.65 -32.73 280 101.4 -22.34 306.1 -205.02 -212.44 -76.1 99.872 -434.2 108 -116.95 -695.02 -89.6 87.994 -727.97 -48.5 -124.58 -131.67 2948.5
0.3098 13.72 534.27 -72.9 8.87 357.66 41.7 -150.69 349.76 19.8 168.442 365.55 63.7 -371.9 352.2 -173.4 437.2 349.72 -73.6 -334.28 229.158 -435.8 395.19 215.795 -327.9 1.5 165.183 164.6 -110.23 -32.46 273.1 98.475 -22.13 301.9 -209.96 -206.89 -77.7 90.998 -438.18 113.2 -121.92 -691.18 -90.4 84.371 -728.84 -52.2 -125.54 -132.51 2949.6
0.3212 15.49 542.55 -73 10.17 364.22 41.3 -148.66 354.42 15.4 168.995 374.02 67.1 -371.75 350.38 -174 431.81 355.16 -66.1 -334.81 233.65 -440.4 395.21 219.739 -326.5 2.24 171.142 163.2 -109.59 -28.35 268.2 98.196 -15.52 302.1 -207.32 -205.3 -80.7 95.607 -435.29 121.8 -117.3 -683.95 -88.1 86.102 -723.74 -50.1 -126.46 -130.05 2949.1
0.3321 11.64 539.82 -85.1 7.37 364.7 36.2 -151.37 352.93 10.5 166.105 376.47 61.9 -373.47 350.02 -177.9 426.8 346.91 -65.9 -332.77 237.48 -444.5 389.82 226.211 -335.5 0.9 174.796 163 -109.35 -22.8 273 98.233 -7.41 306.6 -208.09 -208.87 -68.4 94.545 -428.66 129.7 -117.08 -685.69 -75.1 85.932 -725.75 -47.9 -125.15 -130.35 2951.4
0.3437 10.23 533.27 -87.9 6.41 361.3 36.8 -152.77 350.36 13.5 165.587 372.25 60 -371.17 353.01 -181.5 422.96 351.99 -58.6 -333.14 234.36 -443.9 391.76 226.162 -330 0.34 173.465 166.7 -109.82 -21.53 281.3 98.367 -7.21 311.8 -208.66 -210.61 -63.6 90.514 -426.38 130 -118.16 -690.02 -73.5 84.486 -732.91 -49.9 -124.61 -128.7 2951.3
0.3515 11.23 534.98 -80.2 7.55 360.41 39 -152 351.1 17.6 167.101 369.72 60.3 -372.73 356.87 -181.8 425.84 360.32 -60.8 -330.85 235.58 -440.2 393.12 230.32 -327.8 1.83 169.807 164.7 -108.22 -26.89 276.5 100.453 -14.71 304.5 -206 -213.28 -74.9 93.337 -430.9 116 -117.25 -697.99 -88.3 87.774 -743.51 -58.9 -127.2 -128.69 2951.7
0.3595 12.23 538.82 -76.5 8.57 361.72 40.1 -150.72 352 17 167.869 371.44 63.2 -370.43 351.41 -181.1 423.36 358.16 -64.6 -328.37 235.3 -441 395.36 224.8 -330.2 2.47 169.325 163.1 -107.8 -29.43 271 100.532 -16.72 301.3 -188.53 -274.01 -72.9 97.053 -430.4 107.2 -115.56 -696.5 -88.8 86.855 -736.19 -53.6 -129.02 -122.83 2952
0.3673 11.05 543.83 -77.5 5.52 366.62 38.3 -153.73 357.88 14.4 164.765 375.36 62.2 -373.2 354.3 -180.5 421.19 367.67 -70.3 -339.08 247.1 -446.8 393.89 232.89 -328.5 -2.2 173.632 160.3 -114.06 -25.07 266.8 94.208 -13.64 298 -201.83 -253.4 -79.6 92.243 -433.26 117.6 -121.85 -696.14 -89.1 83.959 -734.52 -54.1 -128.52 -128.51 2956
0.3851 11.84 542.17 -65.8 6.2 362 43 -153.48 355.81 21.5 165.879 368.18 64.5 -371.57 348.41 -178.7 421.62 364.54 -68 -339.32 245.28 -446.8 393.51 233.75 -323.5 -2.07 166.38 160.7 -114.78 -33.28 264.4 94.095 -25.19 292.5 -204 -238 -78.6 93.992 -446.03 114.6 -119.01 -702.37 -92.3 92.531 -745.25 -61.4 -131.34 -123.98 2955.9
0.3994 6.61 541.7 -60.8 0.94 358.87 44.1 -159.03 353.85 24.5 160.906 363.9 63.7 -374.24 344.17 -172 420.35 355.7 -68.1 -340.64 245.27 -441.7 387.98 232.28 -325.8 -6.86 161.125 158.2 -119.25 -39.91 259.5 89.958 -33.34 285.2 -207.99 -231.78 -79.9 93.953 -454.62 108.2 -118.5 -705.47 -93.3 88.838 -747.3 -61.2 -128.74 -119.44 2958.6
0.4112 13.34 549.23 -71 4.57 368.44 38.6 -155.16 364.38 16.9 164.301 372.5 60.3 -374.57 339.38 -169.9 419.73 351.62 -64 -339.5 244.59 -440.5 389.68 231.15 -321.5 -6.25 172.123 154.9 -121.53 -26.85 257 87.38 -21.54 285.4 -209.92 -213.55 -83.6 93.016 -443.76 110.7 -119.67 -689.9 -94.8 90.993 -730.33 -58.8 -131.43 -115.01 2959.2
0.4193 10.19 561.97 -65.4 2.54 378.31 38.5 -157.02 373.59 15.6 162.098 383.03 61.4 -379.06 339.65 -158.6 421.6 353.8 -58.2 -336.05 250.77 -429.4 391.19 235.87 -314 -7.47 178.857 149.3 -121.81 -23.68 245.2 86.865 -17.51 275.1 -206.54 -223.34 -96.3 94.315 -441.91 105.8 -110.41 -704.51 -98.9 96.842 -741.76 -69.7 -131.92 -114.98 2962.8
0.4301 6.46 560.12 -63.6 0.54 375.47 39.9 -158.85 369.17 16.2 159.922 381.78 63.6 -385.73 329.91 -149.5 422.1 341.5 -50.8 -334.16 241.32 -418.4 384.4 218.28 -303 -7.71 174.721 148.6 -120.18 -30.16 241.8 88.28 -21.91 272.8 -205.31 -238.26 -100.8 99.386 -445.42 101.5 -112.25 -711.85 -96.6 96.264 -752.3 -66.2 -131.25 -100.08 2963.6
0.4419 9.81 577.57 -64.9 2.74 391.01 38.3 -156.72 385.25 14.9 162.196 396.77 61.7 -386.52 340 -141.7 425.39 352.29 -40.3 -320.43 244.51 -404.4 378.24 217 -285.2 -5.59 188.99 144.7 -118.2 -16.79 235.7 90.349 -9.26 266.4 -206.22 -238.45 -111 104.508 -432.23 93.9 -110.69 -708.24 -98.9 89.777 -754.22 -67.6 -132.97 -104.58 2968.2
0.45 8.29 587.568 -69.2 2.45 400.328 35.9 -156.71 393.118 10.9 161.613 407.538 60.8 -391.23 334.498 -128.8 421.73 342.158 -28.6 -312.77 233.968 -385 366.02 206.998 -270.7 -4.83 197.558 140.9 -116.2 -9.942 229.7 91.977 -0.503 262.3 -201.74 -241.512 -119.9 108.011 -424.552 92.6 -109.48 -708.402 -104.9 87.826 -755.632 -67.5 -132.01 -96.788 2972.6
0.4608 9.74 597.364 -64.9 3.63 408.074 34.7 -155.63 401.484 10.1 162.894 414.674 59.2 -397.06 324.864 -104 426.41 338.684 -2.4 -314.03 224.914 -364.4 362.21 206.114 -248.5 -3.1 202.374 133.7 -113.97 -7.645 216.7 94.316 0.982 248.8 -200.14 -255.406 -133.4 105.028 -423.466 79.8 -110 -721.346 -115.9 89.962 -768.716 -79.3 -133.07 -88.004 2978.9
0.4689 6.56 611.089 -48.6 1.14 417.039 40 -158.07 411.049 15 160.36 423.029 65 -399.68 319.119 -69.5 428.06 340.549 30.4 -319.17 215.099 -327.3 353.17 198.059 -209.7 -4.9 206.919 128.8 -115.06 -7.107 201.2 93.178 0.728 233.9 -200.68 -267.691 -147.3 100.417 -422.581 61.9 -108.61 -731.171 -121.6 87.744 -776.751 -83.8 -130.38 -82.199 2980.9
0.4771 7.95 620.302 -40.9 1.72 423.532 41.4 -157.46 418.852 15.9 160.892 428.222 66.9 -386.98 299.122 -39.6 415.37 337.852 54.3 -312.36 195.792 -300.8 342.77 182.662 -179.9 -4.85 210.012 121.6 -115.52 -6.563 185.1 92.673 -0.437 218.5 -202.92 -269.378 -153.5 97.542 -425.488 50.7 -106.39 -743.118 -121.6 86.772 -776.208 -80.4 -130.54 -76.172 2984.3
0.4849 5.47 643.818 -28.9 0.97 443.088 44.4 -158.2 438.308 18.9 160.153 447.868 69.9 -389.6 313.878 -8.6 407.08 333.748 84.4 -312.57 188.008 -258 334.96 181.548 -149.8 -3.69 225.998 114.2 -112.44 5.79 167.3 95.741 12.045 200.6 -176.21 -308.582 -137.5 100.915 -415.892 40.5 -98.54 -737.912 -123.9 88.057 -762.962 -82.6 -130.16 -80.408 2988.4
0.4927 7.78 652.525 -16 3.54 448.825 47.1 -155.37 444.805 19.9 162.455 452.845 74.3 -375.14 290.595 22.9 402.69 326.615 116.4 -309.88 157.02 -223.8 331.17 161.203 -117 -0.94 228.555 105.9 -109.34 5.664 146.8 98.514 10.922 182.4 -161.45 -343.505 -127.8 96.718 -421.845 36.5 -98.31 -751.935 -128.2 89.651 -768.015 -87.9 -131.18 -64.405 2995
0.5006 8.26 667.326 -11.5 4.66 461.726 47 -154.39 458.096 20.5 163.708 465.356 73.5 -366.07 292.916 46.1 385.35 327.396 133.9 -314.88 136.845 -193 325.49 145.273 -91.1 1.08 239.596 99 -106.51 15.093 133.6 101.499 19.842 168.3 -153.05 -356.064 -118.4 99.495 -418.824 42.3 -92.33 -767.294 -121.9 88.978 -775.294 -90.2 -129.11 -62.806 3000.3
0.5085 7.18 682.459 2.5 4.48 474.349 51.2 -155.08 472.019 28.1 164.043 476.669 74.3 -357.81 295.319 63.5 375.39 314.899 143.4 -308.59 112.518 -156.1 318.78 117.239 -62.9 1.72 250.099 92.9 -105.41 24.336 119.5 103.323 27.378 149.7 -151.31 -360.761 -115.7 94.049 -413.971 33.2 -92.44 -769.011 -126.8 87.351 -778.471 -99.4 -131.39 -62.689 3004.7
0.5157 4.71 695.386 18.2 2.88 485.176 54.7 -157.35 483.756 37.5 163.102 486.586 71.9 -337.32 291.646 79.4 353.78 309.106 154.9 -299.25 83.941 -119.4 308.33 90.141 -34 1.73 259.106 84.1 -104.26 32.114 102.1 105.411 33.966 124.6 -140.61 -366.254 -113.8 95.277 -409.684 16.6 -88.69 -771.014 -136.2 89.827 -778.684 -109 -132.01 -62.166 3010.1
0.5234 0.6 710.719 24.1 0.17 498.389 56.9 -160.35 497.269 42.1 160.686 499.509 71.7 -325.72 290.319 95.5 332.33 302.499 171.2 -293.52 63.786 -81.5 297.14 71.7563 -13.5 -0.49 271.509 81.3 -106.09 43.895 96.1 103.785 45.363 115.4 -135.37 -365.841 -100 90.586 -401.611 23.1 -87.75 -772.181 -127.2 88.336 -773.021 -97.9 -129.98 -66.059 3014.3
0.531 1.32 721.037 38.5 0.21 508.617 63.5 -160.39 507.597 49.2 160.822 509.637 77.7 -302.52 281.337 106.4 319.5 294.407 183.8 -280.21 40.677 -57.1 293.33 48.727 9 0.18 280.997 80.1 -104.85 52.714 87.4 105.156 54.049 106 -127.64 -364.363 -95.1 92.015 -394.513 20.9 -84.14 -769.663 -132.5 86.805 -769.063 -101.4 -131.34 -71.197 3019.5
0.5434 1.12 720.44 42.7 -0.18 508 64.8 -160.78 507.23 50.2 160.426 508.76 79.4 -287.69 269.84 116.8 294.85 296.66 193.6 -275.42 22.015 -43.8 286.32 36.179 36.5 -0.29 280.03 78 -105.42 51.565 81.7 104.601 52.563 100.8 -124.1 -373.24 -83 88.172 -396.7 19.4 -84.39 -773.22 -132.4 84.512 -773.7 -103.1 -128.74 -68.77 3024.6
0.5512 -2.17 731.522 55.5 -3.27 515.912 72 -164.1 515.652 60.5 157.562 516.182 83.6 -278.44 257.802 123.6 278.18 278.582 193.6 -260.63 0.489 -24.2 275.45 3.338 62.1 -3.39 287.672 79 -108.7 59.2487 78.5 101.672 59.5971 93.6 -118.91 -370.998 -73 85.338 -390.468 16.3 -90.12 -766.678 -135 78.17 -767.398 -110.5 -127.22 -63.902 3026.9
0.5593 -4.95 747.6 64.2 -7.51 533.07 76.5 -168.54 533.4 69.1 153.535 532.75 84 -265.7 279.89 129.5 260.65 298.49 197.9 -249.88 9.973 5.8 267.84 14.209 84.7 -8.08 304.7 78.9 -113.99 76.5317 76.4 96.678 76.1015 86.1 -117.02 -358.07 -63 80.531 -375.04 15.3 -92.32 -764.86 -134.1 76.484 -765.72 -109.2 -126.76 -80.89 3028.8
0.5674 -6.38 750.76 67.1 -8.27 534.88 78.4 -169.38 535.52 71.7 152.834 534.24 85.2 -256.99 272.16 127 250.43 299.22 195.6 -245.36 -7.542 26.2 262.99 5.786 109.6 -9.2 306.43 78.9 -115.46 78.4029 75.1 95.205 77.5667 83.8 -106.51 -359.42 -53.7 83.94 -374.6 19 -90.29 -763.23 -135.7 75.49 -760.24 -106 -128.02 -79.3 3030.7
0.5755 -9.29 769.591 82.1 -10.46 552.211 87.8 -171.57 553.111 80.6 150.64 551.311 94.9 -254.17 278.051 123.4 242.11 301.621 188.8 -244.15 -9.068 45.1 249.97 2.301 122.4 -11.54 323.831 83.1 -117.95 96.0424 73.7 92.733 94.8605 83.1 -92.35 -345.619 -37.1 81.127 -358.469 27.3 -88.22 -746.559 -137.3 72.619 -753.209 -102.9 -126.79 -86.201 3030.1
0.5834 -8.23 765.433 75.4 -11.17 551.133 83.9 -172.36 552.243 80.9 150.02 550.013 87 -250.27 281.893 120.7 238.32 307.253 192.1 -242.67 -9.537 56.8 244.02 5.02 135.4 -12.69 322.683 80.7 -119.64 94.9688 75.4 91.233 93.5106 79.4 -87.62 -350.427 -17.8 72.945 -360.807 35.9 -84.29 -761.627 -130.1 76.818 -763.047 -109.6 -126.6 -91.073 3031.5
0.5914 -8.74 768.397 86.7 -12.02 552.167 90.5 -173.25 553.447 89 149.219 550.887 92 -239.1 271.907 105.5 236.4 301.047 189.6 -234.24 -23.693 69.1 238.85 -4.449 161.7 -13.75 323.887 82.1 -120.91 96.442 72.8 89.938 94.7666 74.7 -83.17 -349.463 -17.8 72.272 -359.803 32.1 -79.41 -759.333 -134 81.585 -754.613 -112 -125.96 -92.077 3030.5
0.6041 -6.21 773.323 93.2 -9.45 557.673 94.3 -170.7 559.023 91.9 151.787 556.333 96.6 -229.08 278.073 99 223.109 304.023 178.4 -225.38 -19.247 69.6 230.05 -3.007 165.7 -11.19 329.513 82.6 -118.36 102.237 69.5 92.505 100.475 72.6 -72.84 -345.867 -4.4 73.954 -355.067 46.1 -78.31 -751.557 -134.7 85.661 -746.697 -107.1 -128.63 -97.843 3030.2
0.6187 -6.16 778.347 97.2 -8.4 560.907 96.3 -169.45 562.577 89.3 152.647 559.227 103.3 -225.15 279.617 99.6 217.355 306.987 177.6 -221.28 -17.893 66.9 225.344 -0.676 178.5 -10.2 332.807 83 -117.35 105.805 65.2 93.356 103.611 74.4 -65.2 -342.563 -4 71.218 -352.323 61.5 -80.27 -747.813 -135.9 85.036 -746.753 -107.1 -129.28 -99.097 3029.8
0.6309 -1.69 780.423 112.7 -2.68 563.613 105.1 -163.37 566.003 92.9 158.002 561.223 117.2 -220.28 282.173 98.2 215.193 311.503 176 -216.58 -15.687 66.1 230.782 3.786 171.9 -4.64 335.973 86.1 -111.7 109.899 59.2 98.522 106.772 75.1 -59.87 -339.177 -6.8 72.555 -348.447 49.7 -74.59 -746.427 -136.1 88.243 -747.597 -110.5 -132.08 -99.383 3028.1
0.6467 -4.87 792.15 133 -4.52 574.54 115.4 -165.33 576 104 156.291 573.07 126.8 -218.7 288.78 96.8 210.642 310.78 174.5 -215.26 -9.42 66.6 232.105 3.48 162.2 -4.7 347.74 88.8 -110 121.902 54.8 100.248 119.987 69.7 -58.36 -328.48 -1.8 68.112 -335.28 51.6 -77.08 -733.96 -134.1 86.622 -735.29 -114.6 -132.76 -103.01 3028.2
0.6638 -5.67 796.86 142.5 -5.1 579.89 119.5 -165.98 581.11 108.6 155.779 578.67 130.4 -215.45 298.29 92.6 209.17 313.6 171.7 -214.24 -0.68 73 229.479 6.074 157.4 -4.76 353.5 89.2 -109.62 127.905 51.8 100.757 126.31 66.1 -52.71 -322.53 0.6 61.376 -328.58 62.9 -77.22 -741.66 -131.5 86.145 -740.12 -112.5 -134.28 -104 3028.9
0.6759 -2.98 789.84 133.7 -3.18 572.21 115.5 -163.89 573.98 102.4 157.529 570.45 128.6 -220.78 293.55 100.4 209.332 314.01 176.1 -211.83 -3.79 67.1 233.242 6.481 167.3 -3.45 345.39 88.3 -108.82 119.723 52.6 101.372 117.413 69.8 -53.63 -331.17 2.9 60.864 -337.59 70.8 -74.59 -755.51 -127.8 87.838 -755.13 -108 -135.97 -100.17 3029.8
0.689 -2.74 793.428 127.3 -3.45 575.598 114.3 -163.7 577.988 96.9 156.802 573.208 131.7 -224.75 294.638 100.2 207.917 307.878 172.8 -212 -2.162 61.7 229.326 0.023 167.4 -4.27 348.368 90.7 -109.92 122.702 55.7 99.727 119.578 78.4 -53.13 -327.302 0.1 60.781 -335.682 80.9 -75.46 -745.012 -126.5 87.328 -750.292 -104 -134.69 -99.258 3031.2
0.6965 -0.8 788.69 126.6 -1.37 572.62 113.2 -161.58 575.27 95.1 158.846 569.96 131.2 -230.71 310.87 108.6 207.617 308.02 173.3 -209.78 15.715 62.2 229.534 0.22 165 -2.47 345.36 89.5 -108.32 119.839 54 101.179 116.363 77.6 -47 -329.8 0.2 62.375 -338.85 71.4 -73.84 -750.66 -133.3 89.218 -757.79 -118.4 -136.61 -103.02 3029.9
0.7071 -1.02 785.467 124.3 -1.48 568.177 112.2 -161.77 570.467 94.7 158.812 565.897 129.8 -232.15 297.987 103.4 214.551 301.337 188.6 -203.24 4.14 52.8 228.611 -4.783 158.9 -2.23 340.807 89.5 -107.79 114.931 55.3 101.831 111.945 78.2 -46.58 -334.503 -0.6 61.957 -343.263 74.7 -74.9 -750.413 -132.8 90.26 -756.313 -113 -138.23 -96.317 3031.2
0.7148 -1.95 786.17 127.1 -1.77 569.58 113.9 -161.98 571.54 95.4 158.433 567.61 132.3 -233.11 302.51 99.6 218.246 314.2 186.4 -205.93 6.741 61.4 229.574 7.573 156.3 -1.86 342.27 90.4 -106.71 116.256 54.8 102.813 113.685 78.9 -43.26 -332.96 -0.4 65.816 -341.78 73.3 -73.71 -751.12 -134.8 92.712 -755.9 -115.4 -138.03 -102.18 3029
0.7227 -3.74 779.026 111.9 -5 561.256 106.6 -165.5 562.656 91.1 155.504 559.846 122 -230.27 289.626 92.9 214.084 300.276 177.4 -206.64 -7.114 58.8 230.302 -7.064 161.2 -5.29 333.496 88.9 -110.56 106.65 61.1 99.389 104.811 81.4 -47.21 -342.704 6.8 62.973 -350.654 72.3 -78.83 -756.314 -123.2 83.357 -762.674 -109.5 -139.07 -99.356 3029.9
0.7334 -3.31 780.96 106.8 -5.59 562.67 105.7 -166.12 564.56 90.4 154.939 560.78 121 -232.83 282.64 95.2 211.352 294.69 178 -207.48 -13.8 58.7 234.56 -12.33 160.4 -6.91 334.66 91.4 -113.21 107.889 67.2 96.73 105.418 87.2 -41.99 -339.37 6.6 66.322 -350.31 72.8 -76.15 -748.37 -123.7 86.749 -753.5 -107.1 -138.63 -96.35 3028.9
0.7515 -4.56 780.37 103.1 -6.8 562.08 103.8 -167.43 564.35 89.6 153.825 559.81 118.1 -232.8 290.38 94 210.472 303.39 176.6 -214.5 -6.51 57.1 237.815 -3.62 172.5 -8.89 333.97 91 -116.01 107.334 68.8 94.075 104.37 87.4 -43.71 -339.9 8.9 59.74 -351.19 76.8 -73.44 -752.19 -129.1 89.124 -757.43 -111.6 -139.28 -100.11 3028.5
