0 -4.96 784.396 99.8 -3.76 565.136 100.4 -164.7 564.906 90.2 157.175 565.376 110.7 -218.99 284.086 103.8 212.657 307.916 169 -215.24 -14.054 68.7 224.624 10.458 141.6 -2.64 336.996 88.1 -106.77 108.71 69 103.72 109.015 82.4 -87.32 -343.784 8.9 62.53 -344.604 86.2 -83.07 -750.064 -96.8 97.276 -800.314 -136.7 -130.42 -87.346 3010.5
0.0079 -4.71 787.108 107.8 -2.26 568.258 104.3 -162.89 567.448 90.5 158.381 569.068 118.2 -225.2 288.158 106.3 211.543 304.958 164.9 -217.62 -9.163 65.4 230.774 8.012 136 0.22 340.308 89 -102.38 111.837 64.5 107.759 112.896 82.6 -86.22 -340.792 3.9 61.899 -340.932 77.6 -78.21 -752.312 -106 105.177 -800.322 -153.9 -131.91 -86.888 3010.7
0.0157 -1.46 786.084 112.7 0.75 567.024 106.1 -160.01 566.034 93.4 161.503 568.004 118.8 -230.23 292.594 102.5 215.879 309.824 165 -221.5 -3.941 56.3 232.49 14.642 122.1 3.51 339.214 88.7 -98.84 110.755 63 111.387 112.041 79.6 -86.36 -341.566 -0.8 59.239 -341.286 87.3 -74.11 -756.606 -98.2 110.883 -806.726 -165.6 -133.89 -87.334 3010.3
0.0238 -2.92 782.638 116.4 1.46 565.428 106.9 -159.05 563.088 91.8 161.979 567.768 122.1 -231.21 296.398 95.7 217.331 309.658 161.5 -227.99 0.895 43 236.93 16.381 108.1 6.63 337.838 87.3 -93.18 108.721 57.9 116.774 111.782 77.7 -79.13 -343.952 -3.3 64.117 -341.852 82.5 -70.2 -755.902 -97.5 116.435 -803.312 -168.1 -135.89 -92.328 3008.9
0.0313 -2.88 783.037 119 1.17 563.657 108.9 -159.5 561.477 95.3 161.845 565.847 122.4 -232.35 282.487 88.1 222.138 297.117 157.4 -233.83 -11.298 26.9 246.72 6.519 92.8 5.95 336.077 89 -94.33 107.058 60.2 115.796 109.919 77.9 -88.1 -346.323 3.6 60.633 -343.553 75.7 -70.17 -750.943 -86.1 110.989 -800.713 -160.1 -135.64 -87.307 3007.4
0.0392 -3.13 779.414 108.4 0.59 559.584 104.6 -160.21 557.214 92.6 161.394 561.954 116.5 -231 284.864 77.7 233.71 296.294 155.2 -233.29 -8.097 12.2 251.95 9.673 74.3 5.05 331.644 89.9 -95.64 102.154 67.3 114.663 105.258 83 -93.19 -352.016 17.2 60.212 -348.066 94.5 -71.11 -758.396 -82 110.036 -809.946 -154.1 -136.05 -85.424 3005.1
0.0473 -6.15 771.199 104 -2.27 553.209 103.3 -163.07 550.769 91.2 158.526 555.639 115.5 -232.3 277.409 66.6 239.43 287.619 145.8 -245.93 -9.503 -17.9 265.18 8.299 45.3 2.13 325.109 90.7 -98.61 95.428 70.2 111.69 98.616 86.1 -89.95 -358.151 15.7 59.413 -355.191 92 -74.16 -762.711 -87.1 108.314 -814.501 -155.9 -135.12 -82.309 3003
0.0561 -8.19 764.481 105.7 -5.15 546.901 105.5 -165.99 544.421 93.9 155.692 549.381 117.1 -236.99 272.661 51.9 241.66 281.691 132.2 -260.37 -8.93 -46.9 278.55 12.379 11.3 -0.85 318.701 94.7 -101.73 88.8773 76.3 108.627 92.121 91.5 -91.82 -363.979 16 58.519 -362.019 98.1 -76.13 -767.449 -84.3 109.171 -818.829 -155 -135.14 -81.331 2998.6
0.0742 -8.64 759.83 106.9 -6.54 541.49 109.1 -167.48 539.37 98.9 154.407 543.62 119.2 -240.72 248.31 35.3 242.6 252.34 101.9 -284.83 -19.955 -92.3 308.18 1.109 -37.2 -3.02 313.17 101 -104.76 83.455 86.4 105.744 86.231 99.6 -94 -368.11 17.5 59.719 -368.38 99.6 -76.95 -766.2 -75.7 109.812 -820.38 -150.7 -134.33 -72.15 2995
0.0887 -10.42 755.935 109.9 -8.83 538.185 111.7 -169.81 536.505 101.9 152.147 539.865 121.4 -245.86 244.605 16.8 245.8 238.625 76.6 -315.55 -1.289 -143.1 341.76 11.37 -84.2 -6.07 309.785 105.4 -108.57 80.2924 92.8 101.967 82.49 105.5 -101.89 -369.585 13.5 61.096 -372.645 105.5 -77.03 -772.575 -75.8 108.821 -826.495 -149.7 -131.16 -74.525 2990.8
0.1015 -6.86 737.511 86.6 -6.59 519.681 102.9 -167.28 518.751 89.6 154.105 520.601 116.2 -249.96 236.401 -2.2 249.88 229.221 57.7 -328.69 13.124 -193.6 371.03 31.16 -122.4 -5.76 291.571 108.7 -110.04 62.8583 105.9 100.18 64.0662 123.2 -105.88 -384.459 13.6 64.288 -391.239 112.3 -76.08 -784.189 -63.7 105.999 -838.849 -132.4 -130.19 -68.771 2987.5
0.1121 -7.89 732.538 92 -7.91 514.598 106.9 -168.54 513.678 92.7 152.725 515.518 121.1 -260.56 240.658 -24.6 261.35 224.558 40.3 -347.06 34.381 -230.9 390.02 53.604 -160.6 -7.14 286.328 113 -111.41 57.4532 109.8 98.66 58.6567 128.4 -111.55 -384.842 -2.7 69.886 -395.622 95.6 -76.96 -783.212 -74 106.143 -830.172 -141.5 -129.01 -64.338 2981.8
0.1211 -8.35 728.166 72.1 -9.31 513.306 100.5 -169.71 512.076 84 151.095 514.536 117 -272.7 253.026 -43.5 275.76 231.336 20 -356.24 68.7754 -268.3 408.82 81.738 -199 -9.61 286.146 120.3 -114.81 58.18 129.3 94.986 59.7869 150.9 -128.43 -385.484 22.8 78.913 -390.924 87.2 -76.26 -784.724 -50.1 83.416 -826.404 -53.4 -126.69 -69.296 2976.1
0.1287 -2.42 705.655 50.9 -4.72 494.295 92.7 -165.2 493.445 76.9 155.769 495.155 108.6 -279.79 251.655 -61.2 296.45 218.845 0.5 -368.35 89.016 -299.1 418.09 99.677 -242.3 -6.84 268.975 126.4 -113.91 43.091 149.7 95.973 44.212 170.5 -127.04 -397.265 29.9 80.466 -405.525 95.9 -89.75 -791.635 -53.6 88.328 -837.755 -74.6 -128.88 -56.805 2972
0.1365 -2.19 696.605 30.2 -6.18 489.585 84.5 -166.79 489.215 69.9 154.433 489.965 99.1 -295.62 268.085 -79.7 307 226.265 -17.8 -375.33 118.8 -330.6 420.47 135.692 -278.3 -9.98 266.905 132 -118.81 43.974 170.1 91.246 44.465 189.2 -136.47 -389.745 29.5 74.993 -403.895 104.9 -100.21 -789.755 -54.6 88.939 -835.175 -84.9 -124.66 -65.695 2969.1
0.1446 3.41 691.474 7 -2.43 487.254 74.7 -162.98 487.294 59.5 158.131 487.224 89.9 -303.85 275.584 -99.1 324.96 247.134 -35.8 -372.14 149.709 -361.9 417.67 164.07 -306.3 -8.3 268.114 136.2 -119.16 48.996 187.7 90.822 48.954 207.6 -143.15 -373.186 18.2 76.834 -398.616 117.6 -105.85 -777.536 -57 94.578 -822.906 -96.5 -123.82 -75.364 2967.9
0.1603 2.86 669.607 -27.6 -2.91 475.237 61.7 -163.59 475.477 47.8 157.769 474.997 75.5 -316.13 282.297 -117 342.78 260.197 -60.3 -368.15 168.196 -384.7 412.91 177.797 -331.9 -10.3 263.607 143.6 -122.78 52.125 216.4 87.376 51.807 234.5 -152.9 -357.243 19.5 77.805 -394.333 136.9 -110.84 -767.123 -43.9 89.069 -812.853 -90.9 -121.12 -76.737 2965.9
0.1733 6.8 652.481 -41.9 0.96 463.161 56.5 -159.75 462.921 42.9 161.663 463.391 70.1 -324.66 298.081 -131.4 354.29 277.051 -76.5 -362.42 195.741 -405.3 407.34 204.141 -356.1 -6.68 256.151 150.4 -119.42 48.992 235.4 90.763 49.301 253.2 -161.07 -339.039 3.1 91.054 -395.099 147.7 -112.14 -766.259 -60.3 87.769 -813.779 -111.8 -121.96 -89.791 2964.9
0.1849 8.74 628.36 -58.8 3.46 447.01 52 -157.25 445.66 38.5 164.171 448.36 65.4 -339.06 311.76 -139.9 371.41 288.75 -86.4 -355.23 208.91 -413.9 401.86 221.86 -367.6 -3.83 246.41 159.1 -116.22 44.933 257.3 93.972 46.695 274.9 -164.86 -316.3 -12.1 93.87 -390.32 144.2 -113.15 -754.73 -55.2 95.294 -803.83 -100.9 -122.26 -96.1 2959.6
0.1928 12.47 614 -66.4 6.71 434.77 48.2 -153.73 431.88 32.3 167.157 437.65 64.1 -345.8 316.54 -145.7 381.93 301.97 -93 -349.03 222 -424.2 389.49 230.12 -374.2 -0.88 236.65 160.6 -113.41 36.641 262.7 96.458 40.416 283.5 -172.39 -301.43 -34 95.84 -393.26 141.2 -115.07 -752.44 -69.4 93.324 -798.7 -104.9 -121.41 -104.67 2957.1
0.2008 13.73 606.31 -63.4 7.26 425.7 50.8 -152.88 421.21 32.5 167.401 430.19 69.1 -350.14 320.54 -152.8 386.22 317.23 -96.4 -345.08 223.71 -432.1 377.85 233.09 -375.5 -0.37 228.83 166 -112.73 29.024 269.2 96.731 34.895 293.1 -197.1 -267.05 -61 96.964 -396.9 144.4 -120.44 -739.06 -72.2 88.04 -785.64 -104 -118.99 -110.09 2950
0.2179 16.65 588.38 -76.2 11.51 414.41 45.6 -148.31 406.8 25.8 171.339 422.03 65.4 -353.24 330.54 -158.3 395.92 334.32 -105.4 -339.64 227.05 -435.8 369.08 234.29 -378.9 5.26 223.06 169.6 -105.52 26.733 280.7 103.541 36.695 306.6 -197.86 -247.75 -57.6 103.767 -397.03 163.1 -118.53 -720.75 -62.8 88.503 -769.52 -95.7 -118.91 -119.77 2947.8
0.2315 13.31 575.04 -69.7 8.25 398.65 47.8 -151.03 388.99 24.9 167.524 408.3 70.8 -358.48 325.68 -162 397.6 332.08 -107.1 -340.39 220.21 -439.4 356.69 224.08 -376.8 2.12 206.561 171.1 -108.17 8.16 279.4 100.165 20.792 309.4 -211.69 -249.07 -71.3 103.679 -398.02 130.8 -129.02 -726.07 -74.9 62.751 -792.51 -60.4 -113.58 -117.8 2943.8
0.2483 16.527 566.43 -78.1 12.01 391.97 42.1 -147.08 381.5 18.1 171.106 402.43 66.2 -352.17 331.7 -164.5 400.87 344.89 -113.1 -328.36 223.942 -438.9 353.86 225.96 -376 5.57 201.253 167.7 -104.9 3.7 277.5 103.137 17.38 308.9 -213.64 -230.8 -68.3 96.65 -403.55 133.5 -126.3 -713.3 -72.1 73.653 -779.29 -74.5 -114.87 -124.26 2943.4
0.2596 13.366 558.95 -80.4 9.73 385.25 39.6 -149.65 374.91 17.4 169.105 395.58 61.9 -348.92 330.4 -168.9 401.1 348.01 -114.6 -318.96 220.38 -440.9 343.78 218.02 -370.6 4.25 195.641 167 -105.45 -0.72 279.7 102.985 12.79 308.8 -218.38 -225.23 -56.9 95.091 -412.6 143.6 -129.72 -705.98 -68.8 75.754 -770.17 -86.6 -112.59 -126.19 2942.3
0.2711 19.155 552.35 -82.9 13.441 378.72 37.5 -145.95 369.32 14.8 172.835 388.13 60.1 -345.81 337.85 -175.4 397.2 340.65 -117.3 -313.22 220.242 -442.4 334.86 216.772 -375.6 6.49 189.332 165.1 -104.69 -6.21 277.9 103.767 6.09 307.5 -218.02 -221.82 -56.5 94.318 -420.3 144.1 -131.18 -703.7 -70.5 78.382 -767.93 -93.2 -112.94 -129.74 2942.6
0.2866 19.155 545.4 -80.2 12.673 369.84 38.7 -146.63 361.3 15.1 171.975 378.38 62.3 -345.33 335.96 -173.7 399.67 337.37 -119.6 -314.7 211.977 -440.4 329.99 206.62 -369.7 4.21 179.343 164.6 -108.43 -16.74 275 99.918 -5.57 305.9 -221.98 -221.06 -57.2 88.383 -429.77 136.7 -135.07 -705.49 -72.2 76.087 -770.13 -92.5 -111.54 -126.91 2940.3
0.2994 20.616 553.32 -80.9 13.908 376.23 34.9 -145.42 368.29 11.1 173.234 384.17 58.6 -346.98 330.59 -179 405.52 328.29 -117 -314.13 205.876 -439.7 338.49 196.495 -367.6 4.94 184.758 159.2 -108.22 -11.91 268.1 100.151 -1.52 299.1 -217.35 -208.39 -63 88.887 -425.95 130.2 -131.4 -692.11 -75 81.267 -758.64 -95.2 -111.95 -123.06 2939.8
0.3172 21.94 550.78 -92.8 16.823 378.65 30.5 -141.66 365.48 4.3 175.309 391.81 56.7 -348.78 329.88 -186.2 400.45 327.15 -118 -314.68 205.669 -445.5 338.42 192.637 -368.5 10.62 191.969 161.8 -99.29 -3.33 276 108.122 13.91 310.3 -207.66 -208.43 -56.8 90.813 -417.47 162.2 -123.18 -693.29 -60.8 91.665 -751.82 -77.2 -110.81 -120.05 2940.5
0.3324 24.559 554.07 -88.7 16.362 380.85 30.9 -141.92 369.92 2.4 174.642 391.78 59.4 -352.43 332.96 -184.7 400.17 334.64 -112 -318.48 214.44 -447.2 350.02 202.79 -368.6 6.51 191.541 158.2 -106.84 -4.92 266.9 100.147 9.38 304.2 -222.94 -221.58 -70.2 72.519 -420.44 152.6 -140.7 -706.51 -76.2 76.901 -776.18 -93.4 -110.85 -123.57 2940.3
0.3438 22.384 553.88 -81.5 13.516 378.46 35.4 -144.67 368.26 5.9 171.701 388.66 64.9 -352.78 341.36 -189.8 397.01 341.21 -101.5 -319.37 214.567 -447.1 349.96 208.763 -360.8 2.47 187.676 160.5 -111.99 -9.77 266.4 94.852 3.56 305 -218.86 -220.81 -60.1 80.104 -425.04 148.2 -137.24 -705.78 -69.6 78.529 -775.08 -96.9 -108.85 -121.67 2937.6
0.3518 21.371 559.71 -80.6 13.444 382.33 34.9 -144.79 371.61 5.7 171.678 393.05 64.1 -351.55 339.3 -192 408.35 331.22 -99.8 -317.67 211.649 -448.3 357.73 205.566 -363.1 3.75 190.137 158 -109.4 -9.07 262.1 97.526 4.95 300.2 -215.32 -213.89 -73.1 83.046 -424.46 145 -131.01 -705.87 -69.8 86.487 -770.86 -100.5 -110.27 -117.45 2936.9
0.3597 19.844 561.43 -79.9 12.075 383.66 34.7 -146.31 372.85 6.3 170.456 394.46 63.1 -351.35 345.16 -192.8 414.61 344.11 -106.8 -316.5 216.601 -447.4 357.61 211.653 -362.4 3.52 190.212 156 -108.61 -10.3 258.7 98.528 3.83 295.8 -212.82 -223.92 -72.3 82.56 -429.39 151.9 -129.66 -712.91 -66.2 88.253 -778.13 -100.4 -110.57 -120.73 2937.8
0.3677 21.1 564.55 -75.3 13.187 383.86 37 -145.26 373.74 8.7 171.638 393.98 65.3 -350.11 331.27 -191 415.36 334.24 -103 -316.51 208.086 -446.5 357.93 204.774 -359.9 4.29 189.249 156.4 -108.23 -11.98 257.3 99 1.25 294.3 -214.99 -226.01 -73.8 82.843 -432.43 151.3 -130.41 -709.01 -64.2 88.039 -775.58 -100.4 -110.35 -111.05 2935.5
0.3757 23.376 574.21 -66.7 15.385 389.52 39.2 -143.04 380.23 10.4 173.81 398.81 67.9 -353.04 327.4 -189.4 419.19 337.89 -106.3 -319.73 205.068 -444.1 356.76 206.18 -356.2 6.2 192.05 153.6 -106.59 -11.5 249.3 100.608 0.66 286.9 -213.48 -238.5 -80.7 82.73 -434.89 149.9 -128.19 -717 -68.9 89.458 -782.92 -101.9 -109.69 -105.79 2937.1
0.3842 24.5 576.27 -64.4 14.546 390.13 38.5 -143.99 382.51 9.9 173.082 397.75 67.1 -356.99 325.03 -186 421.12 337.27 -98 -325.58 209.94 -447.1 359.73 208.99 -351.7 4.33 190.15 148.4 -109.56 -14.81 239.6 97.8 -4.85 277 -219 -261.05 -96.9 83.539 -439.66 137.2 -131.86 -726.8 -72 81.132 -791.4 -105 -107.89 -102.72 2939.9
0.3921 22.496 577.35 -63.6 15.452 389.15 39 -143.13 380.48 11 174.029 397.82 67.1 -355.73 311.92 -188.2 423.83 329.03 -91.7 -321.77 192.44 -449.3 359.17 200.29 -343.9 7.46 187.67 146.4 -104.22 -19.48 235.4 103.177 -8.136 272.1 -204.63 -259.71 -88.7 88.143 -441.22 127.1 -125.06 -725.58 -69.7 87.41 -790.41 -98.3 -109.21 -91.26 2940.6
0.4004 20.161 589.703 -64.2 10.878 401.513 37.9 -147.8 394.843 9.9 169.557 408.183 65.9 -366.02 312.203 -172.8 421.76 324.263 -72 -327.8 188.813 -432.1 357.52 199.723 -324.7 1.04 198.413 142 -112.57 -9.05 227.8 94.973 -0.33 264.4 -210.56 -251.197 -91 71.999 -437.857 135.8 -133.28 -723.627 -71 75.576 -794.357 -112.6 -106.96 -86.873 2942
0.4083 19.241 597.953 -66.5 9.363 410.613 36.8 -149.18 403.463 8.1 167.912 417.773 65.4 -376.75 309.943 -147.6 422.14 318.973 -55.2 -332.95 186.953 -405.6 352.19 190.013 -307.5 0.07 206.573 139.1 -112.9 -2.148 222.8 94.4575 7.212 260.3 -196.57 -257.167 -87.9 77.325 -430.627 131.2 -121.43 -733.387 -70.5 79.743 -797.807 -107.3 -102.74 -79.273 2944.7
0.4163 18.152 605.199 -67.2 9.592 416.409 35.9 -149.07 408.329 8.1 168.251 424.499 63.6 -380.59 302.889 -117.5 425.86 314.389 -37.9 -335.27 180.819 -379 356.27 182.149 -290 2.63 210.909 135.5 -108.09 0.119 216.9 99.4231 10.695 253.2 -187.55 -271.931 -99.1 82.289 -427.201 123.8 -120.48 -743.541 -75.8 78.345 -806.351 -107.3 -104.16 -73.049 2946.1
0.4244 21.065 626.038 -59.6 10.338 433.438 36.3 -148.63 428.528 9.8 169.31 438.338 62.9 -384.26 305.368 -89.1 417.44 314.068 -11.1 -329.88 180.918 -349.9 354.88 188.308 -264.5 1.69 224.068 126.9 -110.94 11.487 200.1 97.019 17.906 234.8 -176.77 -299.912 -102.1 77.976 -420.782 108.2 -119.21 -746.622 -84.5 68.083 -807.302 -113.3 -102.68 -73.418 2950.3
0.4323 20.307 634.723 -43 10.042 438.063 41.7 -149.22 435.203 16.7 169.306 440.923 66.8 -373.45 286.793 -56 422.38 310.563 12 -324.38 163.28 -319.8 348.85 179.303 -239.6 1.42 224.353 121 -111.34 8.779 183.8 96.9564 12.518 216.5 -169.26 -334.337 -95.6 76.595 -428.067 97.1 -111.42 -761.797 -86 70.871 -820.277 -121.4 -104.59 -63.773 2953.1
0.4402 20.067 648.027 -21.9 10.931 447.127 50.7 -148.43 445.457 26 170.293 448.807 75.3 -368.6 279.647 -15.2 417.81 310.507 41.4 -323.71 154.721 -278.8 336.95 166.137 -203.8 3.01 229.197 116.8 -109.11 10.159 166.8 99.2951 12.353 199 -157.8 -349.203 -101.6 78.417 -430.753 89.6 -99.43 -771.573 -86.8 78.122 -825.073 -125 -104.95 -59.127 2952.7
0.4483 14.97 662.272 -16.2 8.078 459.162 50.3 -151.1 456.942 24.6 167.261 461.382 76.1 -365.93 288.982 -7.2 406.78 311.942 67.6 -320.7 141.95 -248.8 329.59 166.562 -179.2 1.56 238.992 109.6 -109.05 17.381 152 99.1382 20.283 185.6 -153.43 -355.758 -102.2 75.172 -425.018 86.5 -93.06 -774.998 -80.4 76.909 -820.788 -117.7 -103.82 -64.242 2956.9
0.4665 14.509 670.644 -4.8 8.132 464.154 52.7 -151.05 462.254 26.9 167.308 466.044 78.6 -368.27 284.034 14 389.58 301.514 90.4 -309 109.736 -205.7 323.04 153.346 -149.4 2.84 241.454 101.6 -106.54 17.525 133.6 101.641 20.006 167.4 -152.59 -368.926 -101.7 75.304 -427.946 82.4 -85.74 -776.296 -83.2 80.352 -824.946 -125 -104.1 -56.164 2961.9
0.4814 13.419 684.705 -1 8.139 475.225 52.9 -151.07 473.425 27.2 167.348 477.025 78.6 -350.7 293.055 38.1 387.73 310.795 121.3 -306.69 98.823 -167.2 314.25 144.168 -111 3.61 251.265 96.6 -105.02 26.133 123.5 103.199 28.486 157.1 -144.49 -371.865 -94.2 74.005 -421.255 83 -86.92 -773.075 -77.9 80.166 -824.305 -121.6 -106.49 -56.625 2966.3
0.4944 12.395 692.277 10.6 7.522 479.827 55.4 -151.64 479.277 29.4 166.687 480.377 81.4 -342.65 284.917 55.9 368.56 306.297 142 -304.14 67.756 -128.4 306.5 116.134 -76.3 2.75 254.257 89.4 -106.11 28.325 106.3 102.067 29.046 140.4 -135.75 -377.373 -99.5 73.017 -422.113 74.8 -89.86 -782.103 -88.5 76.613 -829.793 -131.8 -105.94 -48.207 2971.8
0.5023 12.148 700.896 14 8.58 489.406 54.7 -151.15 489.836 32.7 168.308 488.986 76.6 -334.87 281.896 74.8 350.73 302.496 152.4 -291.65 51.7038 -95.7 294.29 95.8 -51.1 4 263.016 83.7 -105.08 36.9 98.3 103.899 36.344 127 -131.52 -377.314 -90.7 72.181 -416.274 74.7 -88.16 -790.684 -81.8 78.898 -832.974 -135 -108.99 -51.996 2977
0.5096 8.3 713.235 24.8 6.46 501.205 57.8 -153.33 500.835 36.1 166.25 501.575 79.5 -319.55 295.065 92.4 332.05 295.285 163.2 -282.77 49.0523 -63.3 281.01 69.821 -17.6 4.01 273.985 79.7 -102.91 46.5263 87.5 106.037 47.0117 115.8 -122.27 -373.475 -89.9 74.626 -406.535 71.1 -83.88 -784.075 -84.3 83.788 -829.105 -141.1 -110.68 -53.535 2982.5
0.5175 9.85 718.193 32.3 8.54 506.083 60.8 -151.38 505.213 40 168.462 506.953 81.6 -301.01 289.763 114.1 315.42 303.413 182.5 -274.76 34.799 -33.4 277.29 64.023 13.8 7.46 278.413 78.6 -98.19 50.1843 82.9 110.954 51.3196 110.1 -104.66 -374.407 -84.3 70.519 -402.527 80.4 -79.58 -782.657 -83.3 88.397 -834.047 -144.2 -112.52 -53.493 2983.6
0.5258 10.45 736.835 45.7 8.14 522.585 65.1 -151.66 522.355 43.4 167.943 522.825 86.9 -288.52 288.005 128.8 298.19 317.685 201.4 -264.04 26.458 -10 275.92 69.652 40.6 7.04 294.505 75.7 -98.56 66.2696 72.1 110.434 66.576 100.5 -101.92 -362.835 -83.8 63.734 -387.025 73.9 -82.33 -769.335 -89.5 86.412 -823.705 -148.6 -112.43 -58.255 2987
0.5433 5.6 754.946 64.7 5.72 538.866 73.2 -153.84 538.246 49.8 165.275 539.486 96.6 -274.11 299.276 139.9 282.3 327.036 213.6 -254.53 29.863 15.3 272.85 70.5595 64.1 6.3 310.616 75.2 -97.47 81.953 62 111.225 82.763 92.6 -94.57 -352.054 -79.5 62.15 -371.074 83.4 -78.73 -769.034 -89.6 88.905 -817.774 -153.6 -114.34 -65.696 2988
0.558 6.61 765.28 73.7 5.95 547.77 77.3 -153.65 547.87 54.1 165.542 547.67 100.5 -263.95 292.02 140.1 268.98 321.22 215.6 -249.88 12.897 39.7 269.03 57.154 78.8 6.22 319.44 74.5 -97.88 91.185 56.5 110.849 91.055 86.8 -92 -348.41 -65.9 61.347 -363.02 81.2 -77.75 -772.08 -83.3 91.765 -817.1 -151.2 -114.92 -69.18 2989.9
0.5751 5.36 767.805 76.3 4.35 551.075 78 -155.13 551.745 54 163.829 550.405 102.1 -260.12 301.545 139.1 255.37 313.735 214 -244.1 15.128 62.8 262.23 41.749 93.7 4.23 322.725 72.4 -100.17 94.813 51.1 108.405 93.936 82.5 -89.74 -347.915 -59.7 55.563 -359.595 91.3 -76.21 -775.195 -77.1 90.874 -819.985 -149.4 -113.48 -70.795 2992.8
0.5897 4.26 760.07 67.1 5.25 545.84 74.6 -153.61 545.89 46.9 164.103 545.8 102.2 -254.63 301.04 143.6 244.28 309.84 209.1 -238.84 12.282 72.5 255.29 29.256 112.1 5.69 317.41 71.6 -97.77 89.001 50.6 110.046 88.944 86.8 -81.59 -356.46 -48.2 49.006 -363.2 106.4 -67.54 -779.52 -74.7 92.313 -825.72 -146.2 -114.93 -72.66 2992.2
0.6024 2.95 759.706 63.4 3.63 544.846 72.4 -155.88 544.886 49.2 163.147 544.796 95.7 -245.59 294.466 137.3 238.55 300.626 205.3 -234.31 2.271 80.2 247.02 15.348 120.8 4.04 316.376 69.2 -99.9 87.939 50.8 108.78 87.879 81.2 -83.98 -361.064 -29.7 47.621 -364.604 95.8 -76.9 -769.144 -74.8 90.315 -821.674 -154.1 -116.63 -77.216 2992
0.6137 1.6 765.618 71.1 0.8 549.308 74.7 -159.27 549.898 55.8 160.875 548.718 93.6 -241.23 271.928 129.2 235.24 302.098 200.3 -233.07 -23.122 88.2 237.02 13.026 128.4 0.78 320.938 67.7 -103.93 92.956 48.4 105.455 92.182 73.1 -78.44 -358.802 -8.3 38.849 -357.922 108.9 -78.26 -756.632 -78.7 89.647 -812.622 -160.7 -115.93 -79.268 2993.9
0.6204 2.05 765.099 64 0.63 548.859 73 -159.51 549.819 54.3 160.77 547.899 91.8 -222.31 264.589 117.6 233.09 300.009 193.5 -216.06 -31.831 80.3 222.73 9.565 127.4 -0.26 320.419 69 -105.84 92.597 52.8 103.535 91.348 77.3 -76.44 -360.611 8 37.735 -358.241 122.6 -76.87 -765.001 -75.7 91.232 -816.161 -150.1 -116.06 -79.939 2992.3
0.6278 2.37 777.386 76 1.08 560.326 80.7 -158.78 561.466 59.6 160.929 559.186 101.8 -207.01 271.426 113 232.9 303.856 182.2 -202.29 -25.454 79.2 219.74 11.224 126.1 0.47 331.986 72.9 -104.67 104.393 51.4 104.388 102.898 79 -70.57 -348.994 8.6 38.228 -346.994 122.8 -77.67 -751.724 -83.7 93.982 -802.804 -149.2 -117.34 -88.906 2990.4
0.6352 3.84 783.684 92.7 2.13 564.244 88.8 -157.81 566.304 68.4 162.075 562.174 109.3 -194.98 273.134 112.7 228.06 299.334 177.9 -191.48 -24.116 82.1 217.298 5.962 123.7 1.03 336.294 74.5 -104.66 109.695 46.7 104.506 106.994 73.5 -71.16 -344.106 6 38.458 -342.986 117.7 -79.63 -748.536 -87.1 93.976 -802.136 -152.7 -117.51 -85.094 2990.8
0.6524 2.42 786.838 102.6 0.6 569.658 94.3 -159.56 572.108 75.6 160.759 567.198 113 -188.33 276.908 112.1 228.19 308.398 175.5 -185.79 -20.632 84.4 215.571 14.53 123.6 -0.79 341.938 76.2 -106.91 115.831 46 102.56 112.617 70.4 -71.69 -338.452 12.1 40.867 -334.722 136.8 -85.71 -751.632 -84.1 81.824 -799.352 -161.8 -120.01 -89.978 2989.4
